grain;wine;timber;cattle;fruit;fish;wool;coal;iron;cotton;tea;coffee;tropical_wood;tobaco;sulphur;silk;opium;precious_metal;rubber;aeroplane;ammunition;artillery;automobile;tanks;canned_food;cement;clipper;electric_gear;explosives;fabric;fertilizer;fuel;furniture;glass;liquor;lumber;luxury_clothes;luxury_furniture;machine_parts;paper;radio;regular_clothes;small_arms;steamer;steel;telephone;oil;dye;
1.8;9.7;8;1.8;2.8;2.2;5;2.4;1.8;2.2;1.75;1.5;4;2.5;2;0.25;0.7;2;0.75;110;17.5;60;70;98;16;16;42;5;20;1.8;10;25;4.9;2.9;6.4;1;65;59;36;3.4;16;5.8;37;65;4.7;16;1;0.22;
1.79;9.71;7.99;1.79;2.79;2.19;4.99;2.4;1.8;2.19;1.74;1.49;3.99;2.49;2;0.24;0.69;2;0.74;110.01;17.51;60.01;70.01;98.01;16.01;16.01;42.01;5.01;20.01;1.81;10.01;25.01;4.91;2.91;6.41;1.01;65.01;59.01;36.01;3.41;16.01;5.81;37.01;65.01;4.71;16.01;1;0.21;
1.78;9.72;7.98;1.78;2.78;2.18;4.98;2.4;1.8;2.18;1.73;1.48;3.98;2.48;2;0.23;0.68;2;0.73;110.02;17.52;60.02;70.02;98.02;16.02;16.02;42.02;5.02;20.02;1.82;10.02;25.02;4.92;2.92;6.42;1.02;65.02;59.02;36.02;3.42;16.02;5.82;37.02;65.02;4.72;16.02;1;0.2;
1.77;9.73;7.97;1.77;2.77;2.17;4.97;2.4;1.8;2.17;1.72;1.47;3.97;2.47;2;0.22;0.67;2;0.72;110.03;17.53;60.03;70.03;98.03;16.03;16.03;42.03;5.03;20.03;1.83;10.03;25.03;4.93;2.93;6.43;1.03;65.03;59.03;36.03;3.43;16.03;5.83;37.03;65.03;4.73;16.03;1;0.19;
1.76;9.74;7.96;1.76;2.76;2.16;4.96;2.4;1.8;2.16;1.71;1.46;3.96;2.46;2;0.21;0.66;2;0.71;110.04;17.54;60.04;70.04;98.04;16.04;16.04;42.04;5.04;20.04;1.84;10.04;25.04;4.94;2.94;6.44;1.04;65.04;59.04;36.04;3.44;16.04;5.84;37.04;65.04;4.74;16.04;1;0.18;
1.75;9.75;7.95;1.75;2.75;2.15;4.95;2.4;1.8;2.15;1.7;1.45;3.95;2.45;2;0.2;0.65;2;0.7;110.05;17.55;60.05;70.05;98.05;16.05;16.05;42.05;5.05;20.05;1.85;10.05;25.05;4.95;2.95;6.45;1.05;65.05;59.05;36.05;3.45;16.05;5.85;37.05;65.05;4.75;16.05;1;0.17;
1.74;9.76;7.94;1.74;2.74;2.14;4.94;2.4;1.8;2.14;1.69;1.44;3.94;2.44;2;0.19;0.64;2;0.69;110.06;17.56;60.06;70.06;98.06;16.06;16.06;42.06;5.06;20.06;1.86;10.06;25.06;4.96;2.96;6.46;1.06;65.06;59.06;36.06;3.46;16.06;5.86;37.06;65.06;4.76;16.06;1;0.16;
1.73;9.77;7.93;1.73;2.73;2.13;4.93;2.4;1.8;2.13;1.68;1.43;3.93;2.43;2;0.18;0.63;2;0.68;110.07;17.57;60.07;70.07;98.07;16.07;16.07;42.07;5.07;20.07;1.87;10.07;25.07;4.97;2.97;6.47;1.07;65.07;59.07;36.07;3.47;16.07;5.87;37.07;65.07;4.77;16.07;1;0.15;
1.72;9.78;7.92;1.72;2.72;2.12;4.92;2.4;1.8;2.12;1.67;1.42;3.92;2.42;2;0.17;0.62;2;0.67;110.08;17.58;60.08;70.08;98.08;16.08;16.08;42.08;5.08;20.08;1.88;10.08;25.08;4.98;2.98;6.48;1.08;65.08;59.08;36.08;3.48;16.08;5.88;37.08;65.08;4.78;16.08;1;0.14;
1.71;9.79;7.91;1.71;2.71;2.11;4.91;2.4;1.8;2.11;1.66;1.41;3.91;2.41;2;0.16;0.61;2;0.66;110.09;17.59;60.09;70.09;98.09;16.09;16.09;42.09;5.09;20.09;1.89;10.09;25.09;4.99;2.99;6.49;1.09;65.09;59.09;36.09;3.49;16.09;5.89;37.09;65.09;4.79;16.09;1;0.13;
1.7;9.8;7.9;1.7;2.7;2.1;4.9;2.4;1.8;2.1;1.65;1.4;3.9;2.4;2;0.15;0.6;2;0.65;110.1;17.6;60.1;70.1;98.1;16.1;16.1;42.1;5.1;20.1;1.9;10.1;25.1;5;3;6.5;1.1;65.1;59.1;36.1;3.5;16.1;5.9;37.1;65.1;4.8;16.1;1;0.12;
1.69;9.81;7.89;1.69;2.69;2.09;4.89;2.4;1.8;2.09;1.64;1.39;3.89;2.39;2;0.14;0.59;2;0.64;110.11;17.61;60.11;70.11;98.11;16.11;16.11;42.11;5.11;20.11;1.91;10.11;25.11;5.01;3.01;6.51;1.11;65.11;59.11;36.11;3.51;16.11;5.91;37.11;65.11;4.81;16.11;1;0.11;
1.68;9.82;7.88;1.68;2.68;2.08;4.88;2.4;1.8;2.08;1.63;1.38;3.88;2.38;2;0.13;0.58;2;0.63;110.12;17.62;60.12;70.12;98.12;16.12;16.12;42.12;5.12;20.12;1.92;10.12;25.12;5.02;3.02;6.52;1.12;65.12;59.12;36.12;3.52;16.12;5.92;37.12;65.12;4.82;16.12;1;0.1;
1.67;9.83;7.87;1.67;2.67;2.07;4.87;2.4;1.8;2.07;1.62;1.37;3.87;2.37;2;0.12;0.57;2;0.62;110.13;17.63;60.13;70.13;98.13;16.13;16.13;42.13;5.13;20.13;1.93;10.13;25.13;5.03;3.03;6.53;1.13;65.13;59.13;36.13;3.53;16.13;5.93;37.13;65.13;4.83;16.13;1;0.09;
1.66;9.84;7.86;1.66;2.66;2.06;4.86;2.4;1.8;2.06;1.61;1.36;3.86;2.36;2;0.11;0.56;2;0.61;110.14;17.64;60.14;70.14;98.14;16.14;16.14;42.14;5.14;20.14;1.94;10.14;25.14;5.04;3.04;6.54;1.14;65.14;59.14;36.14;3.54;16.14;5.94;37.14;65.14;4.84;16.14;1;0.08;
1.65;9.85;7.85;1.65;2.65;2.05;4.85;2.4;1.8;2.05;1.6;1.35;3.85;2.35;2;0.1;0.55;2;0.6;110.15;17.65;60.15;70.15;98.15;16.15;16.15;42.15;5.15;20.15;1.95;10.15;25.15;5.05;3.05;6.55;1.15;65.15;59.15;36.15;3.55;16.15;5.95;37.15;65.15;4.85;16.15;1;0.07;
1.64;9.86;7.84;1.64;2.64;2.04;4.84;2.4;1.8;2.04;1.59;1.34;3.84;2.34;2;0.09;0.54;2;0.59;110.16;17.66;60.16;70.16;98.16;16.16;16.16;42.16;5.16;20.16;1.96;10.16;25.16;5.06;3.06;6.56;1.16;65.16;59.16;36.16;3.56;16.16;5.96;37.16;65.16;4.86;16.16;1;0.06;
1.63;9.87;7.83;1.63;2.63;2.03;4.83;2.4;1.8;2.03;1.58;1.33;3.83;2.33;2;0.08;0.53;2;0.58;110.17;17.67;60.17;70.17;98.17;16.17;16.17;42.17;5.17;20.17;1.97;10.17;25.17;5.07;3.07;6.57;1.17;65.17;59.17;36.17;3.57;16.17;5.97;37.17;65.17;4.87;16.17;1;0.05;
1.62;9.88;7.82;1.62;2.62;2.02;4.82;2.4;1.8;2.02;1.57;1.32;3.82;2.32;2;0.07;0.52;2;0.57;110.18;17.68;60.18;70.18;98.18;16.18;16.18;42.18;5.18;20.18;1.98;10.18;25.18;5.08;3.08;6.58;1.18;65.18;59.18;36.18;3.58;16.18;5.98;37.18;65.18;4.88;16.18;1;0.04;
1.61;9.89;7.81;1.61;2.61;2.01;4.81;2.4;1.8;2.01;1.56;1.31;3.81;2.31;2;0.06;0.51;2;0.56;110.19;17.69;60.19;70.19;98.19;16.19;16.19;42.19;5.19;20.19;1.99;10.19;25.19;5.09;3.09;6.59;1.19;65.19;59.19;36.19;3.59;16.19;5.99;37.19;65.19;4.89;16.19;1;0.04;
1.6;9.9;7.8;1.6;2.6;2;4.8;2.4;1.8;2;1.55;1.3;3.8;2.3;2;0.05;0.5;2;0.55;110.2;17.7;60.2;70.2;98.2;16.2;16.2;42.2;5.2;20.2;2;10.2;25.2;5.1;3.1;6.6;1.2;65.2;59.2;36.2;3.6;16.2;6;37.2;65.2;4.9;16.2;1;0.04;
1.59;9.91;7.79;1.59;2.59;1.99;4.79;2.4;1.8;1.99;1.54;1.29;3.79;2.29;2;0.05;0.49;2;0.54;110.21;17.71;60.21;70.21;98.21;16.21;16.21;42.21;5.21;20.21;2.01;10.21;25.21;5.11;3.11;6.61;1.21;65.21;59.21;36.21;3.61;16.21;6.01;37.21;65.21;4.91;16.21;1;0.04;
1.58;9.92;7.78;1.58;2.58;1.98;4.78;2.4;1.8;1.98;1.53;1.28;3.78;2.28;2;0.05;0.48;2;0.53;110.22;17.72;60.22;70.22;98.22;16.22;16.22;42.22;5.22;20.22;2.02;10.22;25.22;5.12;3.12;6.62;1.22;65.22;59.22;36.22;3.62;16.22;6.02;37.22;65.22;4.92;16.22;1;0.04;
1.57;9.93;7.77;1.57;2.57;1.97;4.77;2.4;1.8;1.97;1.52;1.27;3.77;2.27;2;0.05;0.47;2;0.52;110.23;17.73;60.23;70.23;98.23;16.23;16.23;42.23;5.23;20.23;2.03;10.23;25.23;5.13;3.13;6.63;1.23;65.23;59.23;36.23;3.63;16.23;6.03;37.23;65.23;4.93;16.23;1;0.04;
1.56;9.94;7.76;1.56;2.56;1.96;4.76;2.4;1.8;1.96;1.51;1.26;3.76;2.26;2;0.05;0.46;2;0.51;110.24;17.74;60.24;70.24;98.24;16.24;16.24;42.24;5.24;20.24;2.04;10.24;25.24;5.14;3.14;6.64;1.24;65.24;59.24;36.24;3.64;16.24;6.04;37.24;65.24;4.94;16.24;1;0.04;
1.55;9.95;7.75;1.55;2.55;1.95;4.75;2.4;1.8;1.95;1.5;1.25;3.75;2.25;2;0.05;0.45;2;0.5;110.25;17.75;60.25;70.25;98.25;16.25;16.25;42.25;5.25;20.25;2.05;10.25;25.25;5.15;3.15;6.65;1.25;65.25;59.25;36.25;3.65;16.25;6.05;37.25;65.25;4.95;16.25;1;0.04;
1.54;9.96;7.74;1.54;2.54;1.94;4.74;2.4;1.8;1.94;1.49;1.24;3.74;2.24;2;0.05;0.44;2;0.49;110.26;17.76;60.26;70.26;98.26;16.26;16.26;42.26;5.26;20.26;2.06;10.26;25.26;5.16;3.16;6.66;1.26;65.26;59.26;36.26;3.66;16.26;6.06;37.26;65.26;4.96;16.26;1;0.04;
1.53;9.97;7.73;1.53;2.53;1.93;4.73;2.4;1.8;1.93;1.48;1.23;3.73;2.23;2;0.05;0.43;2;0.48;110.27;17.77;60.27;70.27;98.27;16.27;16.27;42.27;5.27;20.27;2.07;10.27;25.27;5.17;3.17;6.67;1.27;65.27;59.27;36.27;3.67;16.27;6.07;37.27;65.27;4.97;16.27;1;0.04;
1.52;9.98;7.72;1.52;2.52;1.92;4.72;2.4;1.8;1.92;1.47;1.22;3.72;2.22;2;0.05;0.42;2;0.47;110.28;17.78;60.28;70.28;98.28;16.28;16.28;42.28;5.28;20.28;2.08;10.28;25.28;5.18;3.18;6.68;1.28;65.28;59.28;36.28;3.68;16.28;6.08;37.28;65.28;4.98;16.28;1;0.04;
1.51;9.99;7.71;1.51;2.51;1.91;4.71;2.4;1.8;1.91;1.46;1.21;3.71;2.21;2;0.05;0.41;2;0.46;110.29;17.79;60.29;70.29;98.29;16.29;16.29;42.29;5.29;20.29;2.09;10.29;25.29;5.19;3.19;6.69;1.29;65.29;59.29;36.29;3.69;16.29;6.09;37.29;65.29;4.99;16.29;1;0.04;
1.5;10;7.7;1.5;2.5;1.9;4.7;2.4;1.8;1.9;1.45;1.2;3.7;2.2;2;0.05;0.4;2;0.45;110.3;17.8;60.3;70.3;98.3;16.3;16.3;42.3;5.3;20.3;2.1;10.3;25.3;5.2;3.2;6.7;1.3;65.3;59.3;36.3;3.7;16.3;6.1;37.3;65.3;5;16.3;1;0.04;
1.49;10.01;7.69;1.49;2.49;1.89;4.69;2.4;1.8;1.89;1.44;1.19;3.69;2.19;2;0.05;0.39;2;0.44;110.31;17.81;60.31;70.31;98.31;16.31;16.31;42.31;5.31;20.31;2.11;10.31;25.31;5.21;3.21;6.71;1.31;65.31;59.31;36.31;3.71;16.31;6.11;37.31;65.31;5.01;16.31;1;0.04;
1.48;10.02;7.68;1.48;2.48;1.88;4.68;2.4;1.8;1.88;1.43;1.18;3.68;2.18;2;0.05;0.38;2;0.43;110.32;17.82;60.32;70.32;98.32;16.32;16.32;42.32;5.32;20.32;2.12;10.32;25.32;5.22;3.22;6.72;1.32;65.32;59.32;36.32;3.72;16.32;6.12;37.32;65.32;5.02;16.32;1;0.04;
1.47;10.03;7.67;1.47;2.47;1.87;4.67;2.4;1.8;1.87;1.42;1.17;3.67;2.17;2;0.05;0.37;2;0.42;110.33;17.83;60.33;70.33;98.33;16.33;16.33;42.33;5.33;20.33;2.13;10.33;25.33;5.23;3.23;6.73;1.33;65.33;59.33;36.33;3.73;16.33;6.13;37.33;65.33;5.03;16.33;1;0.04;
1.46;10.04;7.66;1.46;2.46;1.86;4.66;2.4;1.8;1.86;1.41;1.16;3.66;2.16;2;0.05;0.36;2;0.41;110.34;17.84;60.34;70.34;98.34;16.34;16.34;42.34;5.34;20.34;2.14;10.34;25.34;5.24;3.24;6.74;1.34;65.34;59.34;36.34;3.74;16.34;6.14;37.34;65.34;5.04;16.34;1;0.04;
1.45;10.05;7.65;1.45;2.45;1.85;4.65;2.4;1.8;1.85;1.4;1.15;3.65;2.15;2;0.05;0.35;2;0.4;110.35;17.85;60.35;70.35;98.35;16.35;16.35;42.35;5.35;20.35;2.15;10.35;25.35;5.25;3.25;6.75;1.35;65.35;59.35;36.35;3.75;16.35;6.15;37.35;65.35;5.05;16.35;1;0.04;
1.44;10.06;7.64;1.44;2.44;1.84;4.64;2.4;1.8;1.84;1.39;1.14;3.64;2.14;2;0.05;0.34;2;0.39;110.36;17.86;60.36;70.36;98.36;16.36;16.36;42.36;5.36;20.36;2.16;10.36;25.36;5.26;3.26;6.76;1.36;65.36;59.36;36.36;3.76;16.36;6.16;37.36;65.36;5.06;16.36;1;0.04;
1.43;10.07;7.63;1.43;2.43;1.83;4.63;2.4;1.8;1.83;1.38;1.13;3.63;2.13;2;0.05;0.33;2;0.38;110.37;17.87;60.37;70.37;98.37;16.37;16.37;42.37;5.37;20.37;2.17;10.37;25.37;5.27;3.27;6.77;1.37;65.37;59.37;36.37;3.77;16.37;6.17;37.37;65.37;5.07;16.37;1;0.04;
1.42;10.08;7.62;1.42;2.42;1.82;4.62;2.4;1.8;1.82;1.37;1.12;3.62;2.12;2;0.05;0.32;2;0.37;110.38;17.88;60.38;70.38;98.38;16.38;16.38;42.38;5.38;20.38;2.18;10.38;25.38;5.28;3.28;6.78;1.38;65.38;59.38;36.38;3.78;16.38;6.18;37.38;65.38;5.08;16.38;1;0.04;
1.41;10.09;7.61;1.41;2.41;1.81;4.61;2.4;1.8;1.81;1.36;1.11;3.61;2.11;2;0.05;0.31;2;0.36;110.39;17.89;60.39;70.39;98.39;16.39;16.39;42.39;5.39;20.39;2.19;10.39;25.39;5.29;3.29;6.79;1.39;65.39;59.39;36.39;3.79;16.39;6.19;37.39;65.39;5.09;16.39;1;0.04;
1.4;10.1;7.6;1.4;2.4;1.8;4.6;2.4;1.8;1.8;1.35;1.1;3.6;2.1;2;0.05;0.3;2;0.35;110.4;17.9;60.4;70.4;98.4;16.4;16.4;42.4;5.4;20.4;2.2;10.4;25.4;5.3;3.3;6.8;1.4;65.4;59.4;36.4;3.8;16.4;6.2;37.4;65.4;5.1;16.4;1;0.04;
1.39;10.11;7.59;1.39;2.39;1.79;4.59;2.4;1.8;1.79;1.34;1.09;3.59;2.09;2;0.05;0.29;2;0.34;110.41;17.91;60.41;70.41;98.41;16.41;16.41;42.41;5.41;20.41;2.21;10.41;25.41;5.31;3.31;6.81;1.41;65.41;59.41;36.41;3.81;16.41;6.21;37.41;65.41;5.11;16.41;1;0.04;
1.38;10.12;7.58;1.38;2.38;1.78;4.58;2.4;1.8;1.78;1.33;1.08;3.58;2.08;2;0.05;0.28;2;0.33;110.42;17.92;60.42;70.42;98.42;16.42;16.42;42.42;5.42;20.42;2.22;10.42;25.42;5.32;3.32;6.82;1.42;65.42;59.42;36.42;3.82;16.42;6.22;37.42;65.42;5.12;16.42;1;0.04;
1.37;10.13;7.57;1.37;2.37;1.77;4.57;2.4;1.8;1.77;1.32;1.07;3.57;2.07;2;0.05;0.27;2;0.32;110.43;17.93;60.43;70.43;98.43;16.43;16.43;42.43;5.43;20.43;2.23;10.43;25.43;5.33;3.33;6.83;1.43;65.43;59.43;36.43;3.83;16.43;6.23;37.43;65.43;5.13;16.43;1;0.04;
1.36;10.14;7.56;1.36;2.36;1.76;4.56;2.4;1.8;1.76;1.31;1.06;3.56;2.06;2;0.05;0.26;2;0.31;110.44;17.94;60.44;70.44;98.44;16.44;16.44;42.44;5.44;20.44;2.24;10.44;25.44;5.34;3.34;6.84;1.44;65.44;59.44;36.44;3.84;16.44;6.24;37.44;65.44;5.14;16.44;1;0.04;
1.35;10.15;7.55;1.35;2.35;1.75;4.55;2.4;1.8;1.75;1.3;1.05;3.55;2.05;2;0.05;0.25;2;0.3;110.45;17.95;60.45;70.45;98.45;16.45;16.45;42.45;5.45;20.45;2.25;10.45;25.45;5.35;3.35;6.85;1.45;65.45;59.45;36.45;3.85;16.45;6.25;37.45;65.45;5.15;16.45;1;0.04;
1.34;10.16;7.54;1.34;2.34;1.74;4.54;2.4;1.8;1.74;1.29;1.04;3.54;2.04;2;0.05;0.24;2;0.29;110.46;17.96;60.46;70.46;98.46;16.46;16.46;42.46;5.46;20.46;2.26;10.46;25.46;5.36;3.36;6.86;1.46;65.46;59.46;36.46;3.86;16.46;6.26;37.46;65.46;5.16;16.46;1;0.04;
1.33;10.17;7.53;1.33;2.33;1.73;4.53;2.4;1.8;1.73;1.28;1.03;3.53;2.03;2;0.05;0.23;2;0.28;110.47;17.97;60.47;70.47;98.47;16.47;16.47;42.47;5.47;20.47;2.27;10.47;25.47;5.37;3.37;6.87;1.47;65.47;59.47;36.47;3.87;16.47;6.27;37.47;65.47;5.17;16.47;1;0.04;
1.32;10.18;7.52;1.32;2.32;1.72;4.52;2.4;1.8;1.72;1.27;1.02;3.52;2.02;2;0.05;0.22;2;0.27;110.48;17.98;60.48;70.48;98.48;16.48;16.48;42.48;5.48;20.48;2.28;10.48;25.48;5.38;3.38;6.88;1.48;65.48;59.48;36.48;3.88;16.48;6.28;37.48;65.48;5.18;16.48;1;0.04;
1.31;10.19;7.51;1.31;2.31;1.71;4.51;2.4;1.8;1.71;1.26;1.01;3.51;2.01;2;0.05;0.21;2;0.26;110.49;17.99;60.49;70.49;98.49;16.49;16.49;42.49;5.49;20.49;2.29;10.49;25.49;5.39;3.39;6.89;1.49;65.49;59.49;36.49;3.89;16.49;6.29;37.49;65.49;5.19;16.49;1;0.04;
1.3;10.2;7.5;1.3;2.3;1.7;4.5;2.4;1.8;1.7;1.25;1;3.5;2;2;0.05;0.2;2;0.25;110.5;18;60.5;70.5;98.5;16.5;16.5;42.5;5.5;20.5;2.3;10.5;25.5;5.4;3.4;6.9;1.5;65.5;59.5;36.5;3.9;16.5;6.3;37.5;65.5;5.2;16.5;1;0.04;
1.29;10.21;7.49;1.29;2.29;1.69;4.49;2.4;1.8;1.69;1.24;0.99;3.49;1.99;2;0.05;0.19;2;0.24;110.51;18.01;60.51;70.51;98.51;16.51;16.51;42.51;5.51;20.51;2.31;10.51;25.51;5.41;3.41;6.91;1.51;65.51;59.51;36.51;3.91;16.51;6.31;37.51;65.51;5.21;16.51;1;0.04;
1.28;10.22;7.48;1.28;2.28;1.68;4.48;2.4;1.8;1.68;1.23;0.98;3.48;1.98;2;0.05;0.18;2;0.23;110.52;18.02;60.52;70.52;98.52;16.52;16.52;42.52;5.52;20.52;2.32;10.52;25.52;5.42;3.42;6.92;1.52;65.52;59.52;36.52;3.92;16.52;6.32;37.52;65.52;5.22;16.52;1;0.04;
1.27;10.23;7.47;1.27;2.27;1.67;4.47;2.4;1.8;1.67;1.22;0.97;3.47;1.97;2;0.05;0.17;2;0.22;110.53;18.03;60.53;70.53;98.53;16.53;16.53;42.53;5.53;20.53;2.33;10.53;25.53;5.43;3.43;6.93;1.53;65.53;59.53;36.53;3.93;16.53;6.33;37.53;65.53;5.23;16.53;1;0.04;
1.26;10.24;7.46;1.26;2.26;1.66;4.46;2.4;1.8;1.66;1.21;0.96;3.46;1.96;2;0.05;0.16;2;0.21;110.54;18.04;60.54;70.54;98.54;16.54;16.54;42.54;5.54;20.54;2.34;10.54;25.54;5.44;3.44;6.94;1.54;65.54;59.54;36.54;3.94;16.54;6.34;37.54;65.54;5.24;16.54;1;0.04;
1.25;10.25;7.45;1.25;2.25;1.65;4.45;2.4;1.8;1.65;1.2;0.95;3.45;1.95;2;0.05;0.15;2;0.2;110.55;18.05;60.55;70.55;98.55;16.55;16.55;42.55;5.55;20.55;2.35;10.55;25.55;5.45;3.45;6.95;1.55;65.55;59.55;36.55;3.95;16.55;6.35;37.55;65.55;5.25;16.55;1;0.04;
1.24;10.26;7.44;1.24;2.24;1.64;4.44;2.4;1.8;1.64;1.19;0.94;3.44;1.94;2;0.05;0.15;2;0.19;110.56;18.06;60.56;70.56;98.56;16.56;16.56;42.56;5.56;20.56;2.36;10.56;25.56;5.46;3.46;6.96;1.56;65.56;59.56;36.56;3.96;16.56;6.36;37.56;65.56;5.26;16.56;1;0.04;
1.23;10.27;7.43;1.23;2.23;1.63;4.43;2.4;1.8;1.63;1.18;0.93;3.43;1.93;2;0.05;0.15;2;0.18;110.57;18.07;60.57;70.57;98.57;16.57;16.57;42.57;5.57;20.57;2.37;10.57;25.57;5.47;3.47;6.97;1.57;65.57;59.57;36.57;3.97;16.57;6.37;37.57;65.57;5.27;16.57;1;0.04;
1.22;10.28;7.42;1.22;2.22;1.62;4.42;2.4;1.8;1.62;1.17;0.92;3.42;1.92;2;0.05;0.15;2;0.17;110.58;18.08;60.58;70.58;98.58;16.58;16.58;42.58;5.58;20.58;2.38;10.58;25.58;5.48;3.48;6.98;1.58;65.58;59.58;36.58;3.98;16.58;6.38;37.58;65.58;5.28;16.58;1;0.04;
1.21;10.29;7.41;1.21;2.21;1.61;4.41;2.4;1.8;1.61;1.16;0.91;3.41;1.91;2;0.05;0.15;2;0.16;110.59;18.09;60.59;70.59;98.59;16.59;16.59;42.59;5.59;20.59;2.39;10.59;25.59;5.49;3.49;6.99;1.59;65.59;59.59;36.59;3.99;16.59;6.39;37.59;65.59;5.29;16.59;1;0.04;
1.2;10.3;7.4;1.2;2.2;1.6;4.4;2.4;1.8;1.6;1.15;0.9;3.4;1.9;2;0.05;0.15;2;0.16;110.6;18.1;60.6;70.6;98.6;16.6;16.6;42.6;5.6;20.6;2.4;10.6;25.6;5.5;3.5;7;1.6;65.6;59.6;36.6;4;16.6;6.4;37.6;65.6;5.3;16.6;1;0.04;
1.19;10.31;7.39;1.19;2.19;1.59;4.39;2.4;1.8;1.59;1.14;0.89;3.39;1.89;2;0.05;0.15;2;0.16;110.61;18.11;60.61;70.61;98.61;16.61;16.61;42.61;5.61;20.61;2.41;10.61;25.61;5.51;3.51;7.01;1.61;65.61;59.61;36.61;4.01;16.61;6.41;37.61;65.61;5.31;16.61;1;0.04;
1.18;10.32;7.38;1.18;2.18;1.58;4.38;2.4;1.8;1.58;1.13;0.88;3.38;1.88;2;0.05;0.15;2;0.16;110.62;18.12;60.62;70.62;98.62;16.62;16.62;42.62;5.62;20.62;2.42;10.62;25.62;5.52;3.52;7.02;1.62;65.62;59.62;36.62;4.02;16.62;6.42;37.62;65.62;5.32;16.62;1;0.04;
1.17;10.33;7.37;1.17;2.17;1.57;4.37;2.4;1.8;1.57;1.12;0.87;3.37;1.87;2;0.05;0.15;2;0.16;110.63;18.13;60.63;70.63;98.63;16.63;16.63;42.63;5.63;20.63;2.43;10.63;25.63;5.53;3.53;7.03;1.63;65.63;59.63;36.63;4.03;16.63;6.43;37.63;65.63;5.33;16.63;1;0.04;
1.16;10.34;7.36;1.16;2.16;1.56;4.36;2.4;1.8;1.56;1.11;0.86;3.36;1.86;2;0.05;0.15;2;0.16;110.64;18.14;60.64;70.64;98.64;16.64;16.64;42.64;5.64;20.64;2.44;10.64;25.64;5.54;3.54;7.04;1.64;65.64;59.64;36.64;4.04;16.64;6.44;37.64;65.64;5.34;16.64;1;0.04;
1.15;10.35;7.35;1.15;2.15;1.55;4.35;2.4;1.8;1.55;1.1;0.85;3.35;1.85;2;0.05;0.15;2;0.16;110.65;18.15;60.65;70.65;98.65;16.65;16.65;42.65;5.65;20.65;2.45;10.65;25.65;5.55;3.55;7.05;1.65;65.65;59.65;36.65;4.05;16.65;6.45;37.65;65.65;5.35;16.65;1;0.04;
1.14;10.36;7.34;1.14;2.14;1.54;4.34;2.4;1.8;1.54;1.09;0.84;3.34;1.84;2;0.05;0.15;2;0.16;110.66;18.16;60.66;70.66;98.66;16.66;16.66;42.66;5.66;20.66;2.46;10.66;25.66;5.56;3.56;7.06;1.66;65.66;59.66;36.66;4.06;16.66;6.46;37.66;65.66;5.36;16.66;1;0.04;
1.13;10.37;7.33;1.13;2.13;1.53;4.33;2.4;1.8;1.53;1.08;0.83;3.33;1.83;2;0.05;0.15;2;0.16;110.67;18.17;60.67;70.67;98.67;16.67;16.67;42.67;5.67;20.67;2.47;10.67;25.67;5.57;3.57;7.07;1.67;65.67;59.67;36.67;4.07;16.67;6.47;37.67;65.67;5.37;16.67;1;0.04;
1.12;10.38;7.32;1.12;2.12;1.52;4.32;2.4;1.8;1.52;1.07;0.82;3.32;1.82;2;0.05;0.15;2;0.16;110.68;18.18;60.68;70.68;98.68;16.68;16.68;42.68;5.68;20.68;2.48;10.68;25.68;5.58;3.58;7.08;1.68;65.68;59.68;36.68;4.08;16.68;6.48;37.68;65.68;5.38;16.68;1;0.04;
1.11;10.39;7.31;1.11;2.11;1.51;4.31;2.4;1.8;1.51;1.06;0.81;3.31;1.81;2;0.05;0.15;2;0.16;110.69;18.19;60.69;70.69;98.69;16.69;16.69;42.69;5.69;20.69;2.49;10.69;25.69;5.59;3.59;7.09;1.69;65.69;59.69;36.69;4.09;16.69;6.49;37.69;65.69;5.39;16.69;1;0.04;
1.1;10.4;7.3;1.1;2.1;1.5;4.3;2.4;1.8;1.5;1.05;0.8;3.3;1.8;2;0.05;0.15;2;0.16;110.7;18.2;60.7;70.7;98.7;16.7;16.7;42.7;5.7;20.7;2.5;10.7;25.7;5.6;3.6;7.1;1.7;65.7;59.7;36.7;4.1;16.7;6.5;37.7;65.7;5.4;16.7;1;0.04;
1.09;10.41;7.29;1.09;2.09;1.49;4.29;2.4;1.8;1.49;1.04;0.79;3.29;1.79;2;0.05;0.15;2;0.16;110.71;18.21;60.71;70.71;98.71;16.71;16.71;42.71;5.71;20.71;2.51;10.71;25.71;5.61;3.61;7.11;1.71;65.71;59.71;36.71;4.11;16.71;6.51;37.71;65.71;5.41;16.71;1;0.04;
1.08;10.42;7.28;1.08;2.08;1.48;4.28;2.4;1.8;1.48;1.03;0.78;3.28;1.78;2;0.05;0.15;2;0.16;110.72;18.22;60.72;70.72;98.72;16.72;16.72;42.72;5.72;20.72;2.52;10.72;25.72;5.62;3.62;7.12;1.72;65.72;59.72;36.72;4.12;16.72;6.52;37.72;65.72;5.42;16.72;1;0.04;
1.07;10.43;7.27;1.07;2.07;1.47;4.27;2.4;1.8;1.47;1.02;0.77;3.27;1.77;2;0.05;0.15;2;0.16;110.73;18.23;60.73;70.73;98.73;16.73;16.73;42.73;5.73;20.73;2.53;10.73;25.73;5.63;3.63;7.13;1.73;65.73;59.73;36.73;4.13;16.73;6.53;37.73;65.73;5.43;16.73;1;0.04;
1.06;10.44;7.26;1.06;2.06;1.46;4.26;2.4;1.8;1.46;1.01;0.76;3.26;1.76;2;0.05;0.15;2;0.16;110.74;18.24;60.74;70.74;98.74;16.74;16.74;42.74;5.74;20.74;2.54;10.74;25.74;5.64;3.64;7.14;1.74;65.74;59.74;36.74;4.14;16.74;6.54;37.74;65.74;5.44;16.74;1;0.04;
1.05;10.45;7.25;1.05;2.05;1.45;4.25;2.4;1.8;1.45;1;0.75;3.25;1.75;2;0.05;0.15;2;0.16;110.75;18.25;60.75;70.75;98.75;16.75;16.75;42.75;5.75;20.75;2.55;10.75;25.75;5.65;3.65;7.15;1.75;65.75;59.75;36.75;4.15;16.75;6.55;37.75;65.75;5.45;16.75;1;0.04;
1.04;10.46;7.24;1.04;2.04;1.44;4.24;2.4;1.8;1.44;0.99;0.74;3.24;1.74;2;0.05;0.15;2;0.16;110.76;18.26;60.76;70.76;98.76;16.76;16.76;42.76;5.76;20.76;2.56;10.76;25.76;5.66;3.66;7.16;1.76;65.76;59.76;36.76;4.16;16.76;6.56;37.76;65.76;5.46;16.76;1;0.04;
1.03;10.47;7.23;1.03;2.03;1.43;4.23;2.4;1.8;1.43;0.98;0.73;3.23;1.73;2;0.05;0.15;2;0.16;110.77;18.27;60.77;70.77;98.77;16.77;16.77;42.77;5.77;20.77;2.57;10.77;25.77;5.67;3.67;7.17;1.77;65.77;59.77;36.77;4.17;16.77;6.57;37.77;65.77;5.47;16.77;1;0.04;
1.02;10.48;7.22;1.02;2.02;1.42;4.22;2.4;1.8;1.42;0.97;0.72;3.22;1.72;2;0.05;0.15;2;0.16;110.78;18.28;60.78;70.78;98.78;16.78;16.78;42.78;5.78;20.78;2.58;10.78;25.78;5.68;3.68;7.18;1.78;65.78;59.78;36.78;4.18;16.78;6.58;37.78;65.78;5.48;16.78;1;0.04;
1.01;10.49;7.21;1.01;2.01;1.41;4.21;2.4;1.8;1.41;0.96;0.71;3.21;1.71;2;0.05;0.15;2;0.16;110.79;18.29;60.79;70.79;98.79;16.79;16.79;42.79;5.79;20.79;2.59;10.79;25.79;5.69;3.69;7.19;1.79;65.79;59.79;36.79;4.19;16.79;6.59;37.79;65.79;5.49;16.79;1;0.04;
1;10.5;7.2;1;2;1.4;4.2;2.4;1.8;1.4;0.95;0.7;3.2;1.7;2;0.05;0.15;2;0.16;110.8;18.3;60.8;70.8;98.8;16.8;16.8;42.8;5.8;20.8;2.6;10.8;25.8;5.7;3.7;7.2;1.8;65.8;59.8;36.8;4.2;16.8;6.6;37.8;65.8;5.5;16.8;1;0.04;
0.99;10.51;7.19;0.99;1.99;1.39;4.19;2.4;1.8;1.39;0.94;0.69;3.19;1.69;2;0.05;0.15;2;0.16;110.81;18.31;60.81;70.81;98.81;16.81;16.81;42.81;5.81;20.81;2.61;10.81;25.81;5.71;3.71;7.21;1.81;65.81;59.81;36.81;4.21;16.81;6.61;37.81;65.81;5.51;16.81;1;0.04;
0.98;10.52;7.18;0.98;1.98;1.38;4.18;2.4;1.8;1.38;0.93;0.68;3.18;1.68;2;0.05;0.15;2;0.16;110.82;18.32;60.82;70.82;98.82;16.82;16.82;42.82;5.82;20.82;2.62;10.82;25.82;5.72;3.72;7.22;1.82;65.82;59.82;36.82;4.22;16.82;6.62;37.82;65.82;5.52;16.82;1;0.04;
0.97;10.53;7.17;0.97;1.97;1.37;4.17;2.4;1.8;1.37;0.92;0.67;3.17;1.67;2;0.05;0.15;2;0.16;110.83;18.33;60.83;70.83;98.83;16.83;16.83;42.83;5.83;20.83;2.63;10.83;25.83;5.73;3.73;7.23;1.83;65.83;59.83;36.83;4.23;16.83;6.63;37.83;65.83;5.53;16.83;1;0.04;
0.96;10.54;7.16;0.96;1.96;1.36;4.16;2.4;1.8;1.36;0.91;0.66;3.16;1.66;2;0.05;0.15;2;0.16;110.84;18.34;60.84;70.84;98.84;16.84;16.84;42.84;5.84;20.84;2.64;10.84;25.84;5.74;3.74;7.24;1.84;65.84;59.84;36.84;4.24;16.84;6.64;37.84;65.84;5.54;16.84;1;0.04;
0.95;10.55;7.15;0.95;1.95;1.35;4.15;2.4;1.8;1.35;0.9;0.65;3.15;1.65;2;0.05;0.15;2;0.16;110.85;18.35;60.85;70.85;98.85;16.85;16.85;42.85;5.85;20.85;2.65;10.85;25.85;5.75;3.75;7.25;1.85;65.85;59.85;36.85;4.25;16.85;6.65;37.85;65.85;5.55;16.85;1;0.04;
0.94;10.56;7.14;0.94;1.94;1.34;4.14;2.4;1.8;1.34;0.89;0.64;3.14;1.64;2;0.05;0.15;2;0.16;110.86;18.36;60.86;70.86;98.86;16.86;16.86;42.86;5.86;20.86;2.66;10.86;25.86;5.76;3.76;7.26;1.86;65.86;59.86;36.86;4.26;16.86;6.66;37.86;65.86;5.56;16.86;1;0.04;
0.93;10.57;7.13;0.93;1.93;1.33;4.13;2.4;1.8;1.33;0.88;0.63;3.13;1.63;2;0.05;0.15;2;0.16;110.87;18.37;60.87;70.87;98.87;16.87;16.87;42.87;5.87;20.87;2.67;10.87;25.87;5.77;3.77;7.27;1.87;65.87;59.87;36.87;4.27;16.87;6.67;37.87;65.87;5.57;16.87;1;0.04;
0.92;10.58;7.12;0.92;1.92;1.32;4.12;2.4;1.8;1.32;0.87;0.62;3.12;1.62;2;0.05;0.15;2;0.16;110.88;18.38;60.88;70.88;98.88;16.88;16.88;42.88;5.88;20.88;2.68;10.88;25.88;5.78;3.78;7.28;1.88;65.88;59.88;36.88;4.28;16.88;6.68;37.88;65.88;5.58;16.88;1;0.04;
0.91;10.59;7.11;0.91;1.91;1.31;4.11;2.4;1.8;1.31;0.86;0.61;3.11;1.61;2;0.05;0.15;2;0.16;110.89;18.39;60.89;70.89;98.89;16.89;16.89;42.89;5.89;20.89;2.69;10.89;25.89;5.79;3.79;7.29;1.89;65.89;59.89;36.89;4.29;16.89;6.69;37.89;65.89;5.59;16.89;1;0.04;
0.9;10.6;7.1;0.9;1.9;1.3;4.1;2.4;1.8;1.3;0.85;0.6;3.1;1.6;2;0.05;0.15;2;0.16;110.9;18.4;60.9;70.9;98.9;16.9;16.9;42.9;5.9;20.9;2.7;10.9;25.9;5.8;3.8;7.3;1.9;65.9;59.9;36.9;4.3;16.9;6.7;37.9;65.9;5.6;16.9;1;0.04;
0.89;10.61;7.09;0.89;1.89;1.29;4.09;2.4;1.8;1.29;0.84;0.59;3.09;1.59;2;0.05;0.15;2;0.16;110.91;18.41;60.91;70.91;98.91;16.91;16.91;42.91;5.91;20.91;2.71;10.91;25.91;5.81;3.81;7.31;1.91;65.91;59.91;36.91;4.31;16.91;6.71;37.91;65.91;5.61;16.91;1;0.04;
0.88;10.62;7.08;0.88;1.88;1.28;4.08;2.4;1.8;1.28;0.83;0.58;3.08;1.58;2;0.05;0.15;2;0.16;110.92;18.42;60.92;70.92;98.92;16.92;16.92;42.92;5.92;20.92;2.72;10.92;25.92;5.82;3.82;7.32;1.92;65.92;59.92;36.92;4.32;16.92;6.72;37.92;65.92;5.62;16.92;1;0.04;
0.87;10.63;7.07;0.87;1.87;1.27;4.07;2.4;1.8;1.27;0.82;0.57;3.07;1.57;2;0.05;0.15;2;0.16;110.93;18.43;60.93;70.93;98.93;16.93;16.93;42.93;5.93;20.93;2.73;10.93;25.93;5.83;3.83;7.33;1.93;65.93;59.93;36.93;4.33;16.93;6.73;37.93;65.93;5.63;16.93;1;0.04;
0.86;10.64;7.06;0.86;1.86;1.26;4.06;2.4;1.8;1.26;0.81;0.56;3.06;1.56;2;0.05;0.15;2;0.16;110.94;18.44;60.94;70.94;98.94;16.94;16.94;42.94;5.94;20.94;2.74;10.94;25.94;5.84;3.84;7.34;1.94;65.94;59.94;36.94;4.34;16.94;6.74;37.94;65.94;5.64;16.94;1;0.04;
0.85;10.65;7.05;0.85;1.85;1.25;4.05;2.4;1.8;1.25;0.8;0.55;3.05;1.55;2;0.05;0.15;2;0.16;110.95;18.45;60.95;70.95;98.95;16.95;16.95;42.95;5.95;20.95;2.75;10.95;25.95;5.85;3.85;7.35;1.95;65.95;59.95;36.95;4.35;16.95;6.75;37.95;65.95;5.65;16.95;1;0.04;
0.84;10.66;7.04;0.84;1.84;1.24;4.04;2.4;1.8;1.24;0.79;0.54;3.04;1.54;2;0.05;0.15;2;0.16;110.96;18.46;60.96;70.96;98.96;16.96;16.96;42.96;5.96;20.96;2.76;10.96;25.96;5.86;3.86;7.36;1.96;65.96;59.96;36.96;4.36;16.96;6.76;37.96;65.96;5.66;16.96;1;0.04;
0.83;10.67;7.03;0.83;1.83;1.23;4.03;2.4;1.8;1.23;0.78;0.53;3.03;1.53;2;0.05;0.15;2;0.16;110.97;18.47;60.97;70.97;98.97;16.97;16.97;42.97;5.97;20.97;2.77;10.97;25.97;5.87;3.87;7.37;1.97;65.97;59.97;36.97;4.37;16.97;6.77;37.97;65.97;5.67;16.97;1;0.04;
0.82;10.68;7.02;0.82;1.82;1.22;4.02;2.4;1.8;1.22;0.77;0.52;3.02;1.52;2;0.05;0.15;2;0.16;110.98;18.48;60.98;70.98;98.98;16.98;16.98;42.98;5.98;20.98;2.78;10.98;25.98;5.88;3.88;7.38;1.98;65.98;59.98;36.98;4.38;16.98;6.78;37.98;65.98;5.68;16.98;1;0.04;
0.81;10.69;7.01;0.81;1.81;1.21;4.01;2.4;1.8;1.21;0.76;0.51;3.01;1.51;2;0.05;0.15;2;0.16;110.99;18.49;60.99;70.99;98.99;16.99;16.99;42.99;5.99;20.99;2.79;10.99;25.99;5.89;3.89;7.39;1.99;65.99;59.99;36.99;4.39;16.99;6.79;37.99;65.99;5.69;16.99;1;0.04;
0.8;10.7;7;0.8;1.8;1.2;4;2.4;1.8;1.2;0.75;0.5;3;1.5;2;0.05;0.15;2;0.16;111;18.5;61;71;99;17;17;43;6;21;2.8;11;26;5.9;3.9;7.4;2;66;60;37;4.4;17;6.8;38;66;5.7;17;1;0.04;
0.79;10.71;6.99;0.79;1.79;1.19;3.99;2.4;1.8;1.19;0.74;0.49;2.99;1.49;2;0.05;0.15;2;0.16;111.01;18.51;61.01;71.01;99.01;17.01;17.01;43.01;6.01;21.01;2.81;11.01;26.01;5.91;3.91;7.41;2.01;66.01;60.01;37.01;4.41;17.01;6.81;38.01;66.01;5.71;17.01;1;0.04;
0.78;10.72;6.98;0.78;1.78;1.18;3.98;2.4;1.8;1.18;0.73;0.48;2.98;1.48;2;0.05;0.15;2;0.16;111.02;18.52;61.02;71.02;99.02;17.02;17.02;43.02;6.02;21.02;2.82;11.02;26.02;5.92;3.92;7.42;2.02;66.02;60.02;37.02;4.42;17.02;6.82;38.02;66.02;5.72;17.02;1;0.04;
0.77;10.73;6.97;0.77;1.77;1.17;3.97;2.4;1.8;1.17;0.72;0.47;2.97;1.47;2;0.05;0.15;2;0.16;111.03;18.53;61.03;71.03;99.03;17.03;17.03;43.03;6.03;21.03;2.83;11.03;26.03;5.93;3.93;7.43;2.03;66.03;60.03;37.03;4.43;17.03;6.83;38.03;66.03;5.73;17.03;1;0.04;
0.76;10.74;6.96;0.76;1.76;1.16;3.96;2.4;1.8;1.16;0.71;0.46;2.96;1.46;2;0.05;0.15;2;0.16;111.04;18.54;61.04;71.04;99.04;17.04;17.04;43.04;6.04;21.04;2.84;11.04;26.04;5.94;3.94;7.44;2.04;66.04;60.04;37.04;4.44;17.04;6.84;38.04;66.04;5.74;17.04;1;0.04;
0.75;10.75;6.95;0.75;1.75;1.15;3.95;2.4;1.8;1.15;0.7;0.45;2.95;1.45;2;0.05;0.15;2;0.16;111.05;18.55;61.05;71.05;99.05;17.05;17.05;43.05;6.05;21.05;2.85;11.05;26.05;5.95;3.95;7.45;2.05;66.05;60.05;37.05;4.45;17.05;6.85;38.05;66.05;5.75;17.05;1;0.04;
0.74;10.76;6.94;0.74;1.74;1.14;3.94;2.4;1.8;1.14;0.69;0.44;2.94;1.44;2;0.05;0.15;2;0.16;111.06;18.56;61.06;71.06;99.06;17.06;17.06;43.06;6.06;21.06;2.86;11.06;26.06;5.96;3.96;7.46;2.06;66.06;60.06;37.06;4.46;17.06;6.86;38.06;66.06;5.76;17.06;1;0.04;
0.73;10.77;6.93;0.73;1.73;1.13;3.93;2.4;1.8;1.13;0.68;0.43;2.93;1.43;2;0.05;0.15;2;0.16;111.07;18.57;61.07;71.07;99.07;17.07;17.07;43.07;6.07;21.07;2.87;11.07;26.07;5.97;3.97;7.47;2.07;66.07;60.07;37.07;4.47;17.07;6.87;38.07;66.07;5.77;17.07;1;0.04;
0.72;10.78;6.92;0.72;1.72;1.12;3.92;2.4;1.8;1.12;0.67;0.42;2.92;1.42;2;0.05;0.15;2;0.16;111.08;18.58;61.08;71.08;99.08;17.08;17.08;43.08;6.08;21.08;2.88;11.08;26.08;5.98;3.98;7.48;2.08;66.08;60.08;37.08;4.48;17.08;6.88;38.08;66.08;5.78;17.08;1;0.04;
0.71;10.79;6.91;0.71;1.71;1.11;3.91;2.4;1.8;1.11;0.66;0.41;2.91;1.41;2;0.05;0.15;2;0.16;111.09;18.59;61.09;71.09;99.09;17.09;17.09;43.09;6.09;21.09;2.89;11.09;26.09;5.99;3.99;7.49;2.09;66.09;60.09;37.09;4.49;17.09;6.89;38.09;66.09;5.79;17.09;1;0.04;
0.7;10.8;6.9;0.7;1.7;1.1;3.9;2.4;1.8;1.1;0.65;0.4;2.9;1.4;2;0.05;0.15;2;0.16;111.1;18.6;61.1;71.1;99.1;17.1;17.1;43.1;6.1;21.1;2.9;11.1;26.1;6;4;7.5;2.1;66.1;60.1;37.1;4.5;17.1;6.9;38.1;66.1;5.8;17.1;1;0.04;
0.69;10.81;6.89;0.69;1.69;1.09;3.89;2.4;1.8;1.09;0.64;0.39;2.89;1.39;2;0.05;0.15;2;0.16;111.11;18.61;61.11;71.11;99.11;17.11;17.11;43.11;6.11;21.11;2.91;11.11;26.11;6.01;4.01;7.51;2.11;66.11;60.11;37.11;4.51;17.11;6.91;38.11;66.11;5.81;17.11;1;0.04;
0.68;10.82;6.88;0.68;1.68;1.08;3.88;2.4;1.8;1.08;0.63;0.38;2.88;1.38;2;0.05;0.15;2;0.16;111.12;18.62;61.12;71.12;99.12;17.12;17.12;43.12;6.12;21.12;2.92;11.12;26.12;6.02;4.02;7.52;2.12;66.12;60.12;37.12;4.52;17.12;6.92;38.12;66.12;5.82;17.12;1;0.04;
0.67;10.83;6.87;0.67;1.67;1.07;3.87;2.4;1.8;1.07;0.62;0.37;2.87;1.37;2;0.05;0.15;2;0.16;111.13;18.63;61.13;71.13;99.13;17.13;17.13;43.13;6.13;21.13;2.93;11.13;26.13;6.03;4.03;7.53;2.13;66.13;60.13;37.13;4.53;17.13;6.93;38.13;66.13;5.83;17.13;1;0.04;
0.66;10.84;6.86;0.66;1.66;1.06;3.86;2.4;1.8;1.06;0.61;0.36;2.86;1.36;2;0.05;0.15;2;0.16;111.14;18.64;61.14;71.14;99.14;17.14;17.14;43.14;6.14;21.14;2.94;11.14;26.14;6.04;4.04;7.54;2.14;66.14;60.14;37.14;4.54;17.14;6.94;38.14;66.14;5.84;17.14;1;0.04;
0.65;10.85;6.85;0.65;1.65;1.05;3.85;2.4;1.8;1.05;0.6;0.35;2.85;1.35;2;0.05;0.15;2;0.16;111.15;18.65;61.15;71.15;99.15;17.15;17.15;43.15;6.15;21.15;2.95;11.15;26.15;6.05;4.05;7.55;2.15;66.15;60.15;37.15;4.55;17.15;6.95;38.15;66.15;5.85;17.15;1;0.04;
0.64;10.86;6.84;0.64;1.64;1.04;3.84;2.4;1.8;1.04;0.59;0.34;2.84;1.34;2;0.05;0.15;2;0.16;111.16;18.66;61.16;71.16;99.16;17.16;17.16;43.16;6.16;21.16;2.96;11.16;26.16;6.06;4.06;7.56;2.16;66.16;60.16;37.16;4.56;17.16;6.96;38.16;66.16;5.86;17.16;1;0.04;
0.63;10.87;6.83;0.63;1.63;1.03;3.83;2.4;1.8;1.03;0.58;0.33;2.83;1.33;2;0.05;0.15;2;0.16;111.17;18.67;61.17;71.17;99.17;17.17;17.17;43.17;6.17;21.17;2.97;11.17;26.17;6.07;4.07;7.57;2.17;66.17;60.17;37.17;4.57;17.17;6.97;38.17;66.17;5.87;17.17;1;0.04;
0.62;10.88;6.82;0.62;1.62;1.02;3.82;2.4;1.8;1.02;0.57;0.33;2.82;1.32;2;0.05;0.15;2;0.16;111.18;18.68;61.18;71.18;99.18;17.18;17.18;43.18;6.18;21.18;2.98;11.18;26.18;6.08;4.08;7.58;2.18;66.18;60.18;37.18;4.58;17.18;6.98;38.18;66.18;5.88;17.18;1;0.04;
0.61;10.89;6.81;0.61;1.61;1.01;3.81;2.4;1.8;1.01;0.56;0.33;2.81;1.31;2;0.05;0.15;2;0.16;111.19;18.69;61.19;71.19;99.19;17.19;17.19;43.19;6.19;21.19;2.99;11.19;26.19;6.09;4.09;7.59;2.19;66.19;60.19;37.19;4.59;17.19;6.99;38.19;66.19;5.89;17.19;1;0.04;
0.6;10.9;6.8;0.6;1.6;1;3.8;2.4;1.8;1;0.55;0.33;2.8;1.3;2;0.05;0.15;2;0.16;111.2;18.7;61.2;71.2;99.2;17.2;17.2;43.2;6.2;21.2;3;11.2;26.2;6.1;4.1;7.6;2.2;66.2;60.2;37.2;4.6;17.2;7;38.2;66.2;5.9;17.2;1;0.04;
0.59;10.91;6.79;0.59;1.59;0.99;3.79;2.4;1.8;0.99;0.54;0.33;2.79;1.29;2;0.05;0.15;2;0.16;111.21;18.71;61.21;71.21;99.21;17.21;17.21;43.21;6.21;21.21;3.01;11.21;26.21;6.11;4.11;7.61;2.21;66.21;60.21;37.21;4.61;17.21;7.01;38.21;66.21;5.91;17.21;1;0.04;
0.58;10.92;6.78;0.58;1.58;0.98;3.78;2.4;1.8;0.98;0.53;0.33;2.78;1.28;2;0.05;0.15;2;0.16;111.22;18.72;61.22;71.22;99.22;17.22;17.22;43.22;6.22;21.22;3.02;11.22;26.22;6.12;4.12;7.62;2.22;66.22;60.22;37.22;4.62;17.22;7.02;38.22;66.22;5.92;17.22;1;0.04;
0.57;10.93;6.77;0.57;1.57;0.97;3.77;2.4;1.8;0.97;0.52;0.33;2.77;1.27;2;0.05;0.15;2;0.16;111.23;18.73;61.23;71.23;99.23;17.23;17.23;43.23;6.23;21.23;3.03;11.23;26.23;6.13;4.13;7.63;2.23;66.23;60.23;37.23;4.63;17.23;7.03;38.23;66.23;5.93;17.23;1;0.04;
0.56;10.94;6.76;0.56;1.56;0.96;3.76;2.4;1.8;0.96;0.51;0.33;2.76;1.26;2;0.05;0.15;2;0.16;111.24;18.74;61.24;71.24;99.24;17.24;17.24;43.24;6.24;21.24;3.04;11.24;26.24;6.14;4.14;7.64;2.24;66.24;60.24;37.24;4.64;17.24;7.04;38.24;66.24;5.94;17.24;1;0.04;
0.55;10.95;6.75;0.55;1.55;0.95;3.75;2.4;1.8;0.95;0.5;0.33;2.75;1.25;2;0.05;0.15;2;0.16;111.25;18.75;61.25;71.25;99.25;17.25;17.25;43.25;6.25;21.25;3.05;11.25;26.25;6.15;4.15;7.65;2.25;66.25;60.25;37.25;4.65;17.25;7.05;38.25;66.25;5.95;17.25;1;0.04;
0.54;10.96;6.74;0.54;1.54;0.94;3.74;2.4;1.8;0.94;0.49;0.33;2.74;1.24;2;0.05;0.15;2;0.16;111.26;18.76;61.26;71.26;99.26;17.26;17.26;43.26;6.26;21.26;3.06;11.26;26.26;6.16;4.16;7.66;2.26;66.26;60.26;37.26;4.66;17.26;7.06;38.26;66.26;5.96;17.26;1;0.04;
0.53;10.97;6.73;0.53;1.53;0.93;3.73;2.4;1.8;0.93;0.48;0.33;2.73;1.23;2;0.05;0.15;2;0.16;111.27;18.77;61.27;71.27;99.27;17.27;17.27;43.27;6.27;21.27;3.07;11.27;26.27;6.17;4.17;7.67;2.27;66.27;60.27;37.27;4.67;17.27;7.07;38.27;66.27;5.97;17.27;1;0.04;
0.52;10.98;6.72;0.52;1.52;0.92;3.72;2.4;1.8;0.92;0.47;0.33;2.72;1.22;2;0.05;0.15;2;0.16;111.28;18.78;61.28;71.28;99.28;17.28;17.28;43.28;6.28;21.28;3.08;11.28;26.28;6.18;4.18;7.68;2.28;66.28;60.28;37.28;4.68;17.28;7.08;38.28;66.28;5.98;17.28;1;0.04;
0.51;10.99;6.71;0.51;1.51;0.91;3.71;2.4;1.8;0.91;0.46;0.33;2.71;1.21;2;0.05;0.15;2;0.16;111.29;18.79;61.29;71.29;99.29;17.29;17.29;43.29;6.29;21.29;3.09;11.29;26.29;6.19;4.19;7.69;2.29;66.29;60.29;37.29;4.69;17.29;7.09;38.29;66.29;5.99;17.29;1;0.04;
0.5;11;6.7;0.5;1.5;0.9;3.7;2.4;1.8;0.9;0.45;0.33;2.7;1.2;2;0.05;0.15;2;0.16;111.3;18.8;61.3;71.3;99.3;17.3;17.3;43.3;6.3;21.3;3.1;11.3;26.3;6.2;4.2;7.7;2.3;66.3;60.3;37.3;4.7;17.3;7.1;38.3;66.3;6;17.3;1;0.04;
0.49;11.01;6.69;0.49;1.49;0.89;3.69;2.4;1.8;0.89;0.44;0.33;2.69;1.19;2;0.05;0.15;2;0.16;111.31;18.81;61.31;71.31;99.31;17.31;17.31;43.31;6.31;21.31;3.11;11.31;26.31;6.21;4.21;7.71;2.31;66.31;60.31;37.31;4.71;17.31;7.11;38.31;66.31;6.01;17.31;1;0.04;
0.48;11.02;6.68;0.48;1.48;0.88;3.68;2.4;1.8;0.88;0.43;0.33;2.68;1.18;2;0.05;0.15;2;0.16;111.32;18.82;61.32;71.32;99.32;17.32;17.32;43.32;6.32;21.32;3.12;11.32;26.32;6.22;4.22;7.72;2.32;66.32;60.32;37.32;4.72;17.32;7.12;38.32;66.32;6.02;17.32;1;0.04;
0.47;11.03;6.67;0.47;1.47;0.87;3.67;2.4;1.8;0.87;0.42;0.33;2.67;1.17;2;0.05;0.15;2;0.16;111.33;18.83;61.33;71.33;99.33;17.33;17.33;43.33;6.33;21.33;3.13;11.33;26.33;6.23;4.23;7.73;2.33;66.33;60.33;37.33;4.73;17.33;7.13;38.33;66.33;6.03;17.33;1;0.04;
0.46;11.04;6.66;0.46;1.46;0.86;3.66;2.4;1.8;0.86;0.41;0.33;2.66;1.16;2;0.05;0.15;2;0.16;111.34;18.84;61.34;71.34;99.34;17.34;17.34;43.34;6.34;21.34;3.14;11.34;26.34;6.24;4.24;7.74;2.34;66.34;60.34;37.34;4.74;17.34;7.14;38.34;66.34;6.04;17.34;1;0.04;
0.45;11.05;6.65;0.45;1.45;0.85;3.65;2.4;1.8;0.85;0.4;0.33;2.65;1.15;2;0.05;0.15;2;0.16;111.35;18.85;61.35;71.35;99.35;17.35;17.35;43.35;6.35;21.35;3.15;11.35;26.35;6.25;4.25;7.75;2.35;66.35;60.35;37.35;4.75;17.35;7.15;38.35;66.35;6.05;17.35;1;0.04;
0.44;11.06;6.64;0.44;1.44;0.84;3.64;2.4;1.8;0.84;0.39;0.33;2.64;1.14;2;0.05;0.15;2;0.16;111.36;18.86;61.36;71.36;99.36;17.36;17.36;43.36;6.36;21.36;3.16;11.36;26.36;6.26;4.26;7.76;2.36;66.36;60.36;37.36;4.76;17.36;7.16;38.36;66.36;6.06;17.36;1;0.04;
0.43;11.07;6.63;0.43;1.43;0.83;3.63;2.4;1.8;0.83;0.38;0.33;2.63;1.13;2;0.05;0.15;2;0.16;111.37;18.87;61.37;71.37;99.37;17.37;17.37;43.37;6.37;21.37;3.17;11.37;26.37;6.27;4.27;7.77;2.37;66.37;60.37;37.37;4.77;17.37;7.17;38.37;66.37;6.07;17.37;1;0.04;
0.42;11.08;6.62;0.42;1.42;0.82;3.62;2.4;1.8;0.82;0.38;0.33;2.62;1.12;2;0.05;0.15;2;0.16;111.38;18.88;61.38;71.38;99.38;17.38;17.38;43.38;6.38;21.38;3.18;11.38;26.38;6.28;4.28;7.78;2.38;66.38;60.38;37.38;4.78;17.38;7.18;38.38;66.38;6.08;17.38;1;0.04;
0.41;11.09;6.61;0.41;1.41;0.81;3.61;2.4;1.8;0.81;0.38;0.33;2.61;1.11;2;0.05;0.15;2;0.16;111.39;18.89;61.39;71.39;99.39;17.39;17.39;43.39;6.39;21.39;3.19;11.39;26.39;6.29;4.29;7.79;2.39;66.39;60.39;37.39;4.79;17.39;7.19;38.39;66.39;6.09;17.39;1;0.04;
0.4;11.1;6.6;0.4;1.4;0.8;3.6;2.4;1.8;0.8;0.38;0.33;2.6;1.1;2;0.05;0.15;2;0.16;111.4;18.9;61.4;71.4;99.4;17.4;17.4;43.4;6.4;21.4;3.2;11.4;26.4;6.3;4.3;7.8;2.4;66.4;60.4;37.4;4.8;17.4;7.2;38.4;66.4;6.1;17.4;1;0.04;
0.39;11.11;6.59;0.39;1.39;0.79;3.59;2.4;1.8;0.79;0.38;0.33;2.59;1.09;2;0.05;0.15;2;0.16;111.41;18.91;61.41;71.41;99.41;17.41;17.41;43.41;6.41;21.41;3.21;11.41;26.41;6.31;4.31;7.81;2.41;66.41;60.41;37.41;4.81;17.41;7.21;38.41;66.41;6.11;17.41;1;0.04;
0.39;11.12;6.58;0.39;1.38;0.78;3.58;2.4;1.8;0.78;0.38;0.33;2.58;1.08;2;0.05;0.15;2;0.16;111.42;18.92;61.42;71.42;99.42;17.42;17.42;43.42;6.42;21.42;3.22;11.42;26.42;6.32;4.32;7.82;2.42;66.42;60.42;37.42;4.82;17.42;7.22;38.42;66.42;6.12;17.42;1;0.04;
0.39;11.13;6.57;0.39;1.37;0.77;3.57;2.4;1.8;0.77;0.38;0.33;2.57;1.07;2;0.05;0.15;2;0.16;111.43;18.93;61.43;71.43;99.43;17.43;17.43;43.43;6.43;21.43;3.23;11.43;26.43;6.33;4.33;7.83;2.43;66.43;60.43;37.43;4.83;17.43;7.23;38.43;66.43;6.13;17.43;1;0.04;
0.39;11.14;6.56;0.39;1.36;0.76;3.56;2.4;1.8;0.76;0.38;0.33;2.56;1.06;2;0.05;0.15;2;0.16;111.44;18.94;61.44;71.44;99.44;17.44;17.44;43.44;6.44;21.44;3.24;11.44;26.44;6.34;4.34;7.84;2.44;66.44;60.44;37.44;4.84;17.44;7.24;38.44;66.44;6.14;17.44;1;0.04;
0.39;11.15;6.55;0.39;1.35;0.75;3.55;2.4;1.8;0.75;0.38;0.33;2.55;1.05;2;0.05;0.15;2;0.16;111.45;18.95;61.45;71.45;99.45;17.45;17.45;43.45;6.45;21.45;3.25;11.45;26.45;6.35;4.35;7.85;2.45;66.45;60.45;37.45;4.85;17.45;7.25;38.45;66.45;6.15;17.45;1;0.04;
0.39;11.16;6.54;0.39;1.34;0.74;3.54;2.4;1.8;0.74;0.38;0.33;2.54;1.04;2;0.05;0.15;2;0.16;111.46;18.96;61.46;71.46;99.46;17.46;17.46;43.46;6.46;21.46;3.26;11.46;26.46;6.36;4.36;7.86;2.46;66.46;60.46;37.46;4.86;17.46;7.26;38.46;66.46;6.16;17.46;1;0.04;
0.39;11.17;6.53;0.39;1.33;0.73;3.53;2.4;1.8;0.73;0.38;0.33;2.53;1.03;2;0.05;0.15;2;0.16;111.47;18.97;61.47;71.47;99.47;17.47;17.47;43.47;6.47;21.47;3.27;11.47;26.47;6.37;4.37;7.87;2.47;66.47;60.47;37.47;4.87;17.47;7.27;38.47;66.47;6.17;17.47;1;0.04;
0.39;11.18;6.52;0.39;1.32;0.72;3.52;2.4;1.8;0.72;0.38;0.33;2.52;1.02;2;0.05;0.15;2;0.16;111.48;18.98;61.48;71.48;99.48;17.48;17.48;43.48;6.48;21.48;3.28;11.48;26.48;6.38;4.38;7.88;2.48;66.48;60.48;37.48;4.88;17.48;7.28;38.48;66.48;6.18;17.48;1;0.04;
0.39;11.19;6.51;0.39;1.31;0.71;3.51;2.4;1.8;0.71;0.38;0.33;2.51;1.01;2;0.05;0.15;2;0.16;111.49;18.99;61.49;71.49;99.49;17.49;17.49;43.49;6.49;21.49;3.29;11.49;26.49;6.39;4.39;7.89;2.49;66.49;60.49;37.49;4.89;17.49;7.29;38.49;66.49;6.19;17.49;1;0.04;
0.39;11.2;6.5;0.39;1.3;0.7;3.5;2.4;1.8;0.7;0.38;0.33;2.5;1;2;0.05;0.15;2;0.16;111.5;19;61.5;71.5;99.5;17.5;17.5;43.5;6.5;21.5;3.3;11.5;26.5;6.4;4.4;7.9;2.5;66.5;60.5;37.5;4.9;17.5;7.3;38.5;66.5;6.2;17.5;1;0.04;
0.39;11.21;6.49;0.39;1.29;0.69;3.49;2.4;1.8;0.69;0.38;0.33;2.49;0.99;2;0.05;0.15;2;0.16;111.51;19.01;61.51;71.51;99.51;17.51;17.51;43.51;6.51;21.51;3.31;11.51;26.51;6.41;4.41;7.91;2.51;66.51;60.51;37.51;4.91;17.51;7.31;38.51;66.51;6.21;17.51;1;0.04;
0.39;11.22;6.48;0.39;1.28;0.68;3.48;2.4;1.8;0.68;0.38;0.33;2.48;0.98;2;0.05;0.15;2;0.16;111.52;19.02;61.52;71.52;99.52;17.52;17.52;43.52;6.52;21.52;3.32;11.52;26.52;6.42;4.42;7.92;2.52;66.52;60.52;37.52;4.92;17.52;7.32;38.52;66.52;6.22;17.52;1;0.04;
0.39;11.23;6.47;0.39;1.27;0.67;3.47;2.4;1.8;0.67;0.38;0.33;2.47;0.97;2;0.05;0.15;2;0.16;111.53;19.03;61.53;71.53;99.53;17.53;17.53;43.53;6.53;21.53;3.33;11.53;26.53;6.43;4.43;7.93;2.53;66.53;60.53;37.53;4.93;17.53;7.33;38.53;66.53;6.23;17.53;1;0.04;
0.39;11.24;6.46;0.39;1.26;0.66;3.46;2.4;1.8;0.66;0.38;0.33;2.46;0.96;2;0.05;0.15;2;0.16;111.54;19.04;61.54;71.54;99.54;17.54;17.54;43.54;6.54;21.54;3.34;11.54;26.54;6.44;4.44;7.94;2.54;66.54;60.54;37.54;4.94;17.54;7.34;38.54;66.54;6.24;17.54;1;0.04;
0.39;11.25;6.45;0.39;1.25;0.65;3.45;2.4;1.8;0.65;0.38;0.33;2.45;0.95;2;0.05;0.15;2;0.16;111.55;19.05;61.55;71.55;99.55;17.55;17.55;43.55;6.55;21.55;3.35;11.55;26.55;6.45;4.45;7.95;2.55;66.55;60.55;37.55;4.95;17.55;7.35;38.55;66.55;6.25;17.55;1;0.04;
0.39;11.26;6.44;0.39;1.24;0.64;3.44;2.4;1.8;0.64;0.38;0.33;2.44;0.94;2;0.05;0.15;2;0.16;111.56;19.06;61.56;71.56;99.56;17.56;17.56;43.56;6.56;21.56;3.36;11.56;26.56;6.46;4.46;7.96;2.56;66.56;60.56;37.56;4.96;17.56;7.36;38.56;66.56;6.26;17.56;1;0.04;
0.39;11.27;6.43;0.39;1.23;0.63;3.43;2.4;1.8;0.63;0.38;0.33;2.43;0.93;2;0.05;0.15;2;0.16;111.57;19.07;61.57;71.57;99.57;17.57;17.57;43.57;6.57;21.57;3.37;11.57;26.57;6.47;4.47;7.97;2.57;66.57;60.57;37.57;4.97;17.57;7.37;38.57;66.57;6.27;17.57;1;0.04;
0.39;11.28;6.42;0.39;1.22;0.62;3.42;2.4;1.8;0.62;0.38;0.33;2.42;0.92;2;0.05;0.15;2;0.16;111.58;19.08;61.58;71.58;99.58;17.58;17.58;43.58;6.58;21.58;3.38;11.58;26.58;6.48;4.48;7.98;2.58;66.58;60.58;37.58;4.98;17.58;7.38;38.58;66.58;6.28;17.58;1;0.04;
0.39;11.29;6.41;0.39;1.21;0.61;3.41;2.4;1.8;0.61;0.38;0.33;2.41;0.91;2;0.05;0.15;2;0.16;111.59;19.09;61.59;71.59;99.59;17.59;17.59;43.59;6.59;21.59;3.39;11.59;26.59;6.49;4.49;7.99;2.59;66.59;60.59;37.59;4.99;17.59;7.39;38.59;66.59;6.29;17.59;1;0.04;
0.39;11.3;6.4;0.39;1.2;0.6;3.4;2.4;1.8;0.6;0.38;0.33;2.4;0.9;2;0.05;0.15;2;0.16;111.6;19.1;61.6;71.6;99.6;17.6;17.6;43.6;6.6;21.6;3.4;11.6;26.6;6.5;4.5;8;2.6;66.6;60.6;37.6;5;17.6;7.4;38.6;66.6;6.3;17.6;1;0.04;
0.39;11.31;6.39;0.39;1.19;0.59;3.39;2.4;1.8;0.59;0.38;0.33;2.39;0.89;2;0.05;0.15;2;0.16;111.61;19.11;61.61;71.61;99.61;17.61;17.61;43.61;6.61;21.61;3.41;11.61;26.61;6.51;4.51;8.01;2.61;66.61;60.61;37.61;5.01;17.61;7.41;38.61;66.61;6.31;17.61;1;0.04;
0.39;11.32;6.38;0.39;1.18;0.58;3.38;2.4;1.8;0.58;0.38;0.33;2.38;0.88;2;0.05;0.15;2;0.16;111.62;19.12;61.62;71.62;99.62;17.62;17.62;43.62;6.62;21.62;3.42;11.62;26.62;6.52;4.52;8.02;2.62;66.62;60.62;37.62;5.02;17.62;7.42;38.62;66.62;6.32;17.62;1;0.04;
0.39;11.33;6.37;0.39;1.17;0.57;3.37;2.4;1.8;0.57;0.38;0.33;2.37;0.87;2;0.05;0.15;2;0.16;111.63;19.13;61.63;71.63;99.63;17.63;17.63;43.63;6.63;21.63;3.43;11.63;26.63;6.53;4.53;8.03;2.63;66.63;60.63;37.63;5.03;17.63;7.43;38.63;66.63;6.33;17.63;1;0.04;
0.39;11.34;6.36;0.39;1.16;0.56;3.36;2.4;1.8;0.56;0.38;0.33;2.36;0.86;2;0.05;0.15;2;0.16;111.64;19.14;61.64;71.64;99.64;17.64;17.64;43.64;6.64;21.64;3.44;11.64;26.64;6.54;4.54;8.04;2.64;66.64;60.64;37.64;5.04;17.64;7.44;38.64;66.64;6.34;17.64;1;0.04;
0.39;11.35;6.35;0.39;1.15;0.55;3.35;2.4;1.8;0.55;0.38;0.33;2.35;0.85;2;0.05;0.15;2;0.16;111.65;19.15;61.65;71.65;99.65;17.65;17.65;43.65;6.65;21.65;3.45;11.65;26.65;6.55;4.55;8.05;2.65;66.65;60.65;37.65;5.05;17.65;7.45;38.65;66.65;6.35;17.65;1;0.04;
0.39;11.36;6.34;0.39;1.14;0.54;3.34;2.4;1.8;0.54;0.38;0.33;2.34;0.84;2;0.05;0.15;2;0.16;111.66;19.16;61.66;71.66;99.66;17.66;17.66;43.66;6.66;21.66;3.46;11.66;26.66;6.56;4.56;8.06;2.66;66.66;60.66;37.66;5.06;17.66;7.46;38.66;66.66;6.36;17.66;1;0.04;
0.39;11.37;6.33;0.39;1.13;0.53;3.33;2.4;1.8;0.53;0.38;0.33;2.33;0.83;2;0.05;0.15;2;0.16;111.67;19.17;61.67;71.67;99.67;17.67;17.67;43.67;6.67;21.67;3.47;11.67;26.67;6.57;4.57;8.07;2.67;66.67;60.67;37.67;5.07;17.67;7.47;38.67;66.67;6.37;17.67;1;0.04;
0.39;11.38;6.32;0.39;1.12;0.52;3.32;2.4;1.8;0.52;0.38;0.33;2.32;0.82;2;0.05;0.15;2;0.16;111.68;19.18;61.68;71.68;99.68;17.68;17.68;43.68;6.68;21.68;3.48;11.68;26.68;6.58;4.58;8.08;2.68;66.68;60.68;37.68;5.08;17.68;7.48;38.68;66.68;6.38;17.68;1;0.04;
0.39;11.39;6.31;0.39;1.11;0.51;3.31;2.4;1.8;0.51;0.38;0.33;2.31;0.81;2;0.05;0.15;2;0.16;111.69;19.19;61.69;71.69;99.69;17.69;17.69;43.69;6.69;21.69;3.49;11.69;26.69;6.59;4.59;8.09;2.69;66.69;60.69;37.69;5.09;17.69;7.49;38.69;66.69;6.39;17.69;1;0.04;
0.39;11.4;6.3;0.39;1.1;0.5;3.3;2.4;1.8;0.5;0.38;0.33;2.3;0.8;2;0.05;0.15;2;0.16;111.7;19.2;61.7;71.7;99.7;17.7;17.7;43.7;6.7;21.7;3.5;11.7;26.7;6.6;4.6;8.1;2.7;66.7;60.7;37.7;5.1;17.7;7.5;38.7;66.7;6.4;17.7;1;0.04;
0.39;11.41;6.29;0.39;1.09;0.49;3.29;2.4;1.8;0.49;0.38;0.33;2.29;0.79;2;0.05;0.15;2;0.16;111.71;19.21;61.71;71.71;99.71;17.71;17.71;43.71;6.71;21.71;3.51;11.71;26.71;6.61;4.61;8.11;2.71;66.71;60.71;37.71;5.11;17.71;7.51;38.71;66.71;6.41;17.71;1;0.04;
0.39;11.42;6.28;0.39;1.08;0.48;3.28;2.4;1.8;0.48;0.38;0.33;2.28;0.78;2;0.05;0.15;2;0.16;111.72;19.22;61.72;71.72;99.72;17.72;17.72;43.72;6.72;21.72;3.52;11.72;26.72;6.62;4.62;8.12;2.72;66.72;60.72;37.72;5.12;17.72;7.52;38.72;66.72;6.42;17.72;1;0.04;
0.39;11.43;6.27;0.39;1.07;0.48;3.27;2.4;1.8;0.48;0.38;0.33;2.27;0.77;2;0.05;0.15;2;0.16;111.73;19.23;61.73;71.73;99.73;17.73;17.73;43.73;6.73;21.73;3.53;11.73;26.73;6.63;4.63;8.13;2.73;66.73;60.73;37.73;5.13;17.73;7.53;38.73;66.73;6.43;17.73;1;0.04;
0.39;11.44;6.26;0.39;1.06;0.48;3.26;2.4;1.8;0.48;0.38;0.33;2.26;0.76;2;0.05;0.15;2;0.16;111.74;19.24;61.74;71.74;99.74;17.74;17.74;43.74;6.74;21.74;3.54;11.74;26.74;6.64;4.64;8.14;2.74;66.74;60.74;37.74;5.14;17.74;7.54;38.74;66.74;6.44;17.74;1;0.04;
0.39;11.45;6.25;0.39;1.05;0.48;3.25;2.4;1.8;0.48;0.38;0.33;2.25;0.75;2;0.05;0.15;2;0.16;111.75;19.25;61.75;71.75;99.75;17.75;17.75;43.75;6.75;21.75;3.55;11.75;26.75;6.65;4.65;8.15;2.75;66.75;60.75;37.75;5.15;17.75;7.55;38.75;66.75;6.45;17.75;1;0.04;
0.39;11.46;6.24;0.39;1.04;0.48;3.24;2.4;1.8;0.48;0.38;0.33;2.24;0.74;2;0.05;0.15;2;0.16;111.76;19.26;61.76;71.76;99.76;17.76;17.76;43.76;6.76;21.76;3.56;11.76;26.76;6.66;4.66;8.16;2.76;66.76;60.76;37.76;5.16;17.76;7.56;38.76;66.76;6.46;17.76;1;0.04;
0.39;11.47;6.23;0.39;1.03;0.48;3.23;2.4;1.8;0.48;0.38;0.33;2.23;0.73;2;0.05;0.15;2;0.16;111.77;19.27;61.77;71.77;99.77;17.77;17.77;43.77;6.77;21.77;3.57;11.77;26.77;6.67;4.67;8.17;2.77;66.77;60.77;37.77;5.17;17.77;7.57;38.77;66.77;6.47;17.77;1;0.04;
0.39;11.48;6.22;0.39;1.02;0.48;3.22;2.4;1.8;0.48;0.38;0.33;2.22;0.72;2;0.05;0.15;2;0.16;111.78;19.28;61.78;71.78;99.78;17.78;17.78;43.78;6.78;21.78;3.58;11.78;26.78;6.68;4.68;8.18;2.78;66.78;60.78;37.78;5.18;17.78;7.58;38.78;66.78;6.48;17.78;1;0.04;
0.39;11.49;6.21;0.39;1.01;0.48;3.21;2.4;1.8;0.48;0.38;0.33;2.21;0.71;2;0.05;0.15;2;0.16;111.79;19.29;61.79;71.79;99.79;17.79;17.79;43.79;6.79;21.79;3.59;11.79;26.79;6.69;4.69;8.19;2.79;66.79;60.79;37.79;5.19;17.79;7.59;38.79;66.79;6.49;17.79;1;0.04;
0.39;11.5;6.2;0.39;1;0.48;3.2;2.4;1.8;0.48;0.38;0.33;2.2;0.7;2;0.05;0.15;2;0.16;111.8;19.3;61.8;71.8;99.8;17.8;17.8;43.8;6.8;21.8;3.6;11.8;26.8;6.7;4.7;8.2;2.8;66.8;60.8;37.8;5.2;17.8;7.6;38.8;66.8;6.5;17.8;1;0.04;
0.39;11.51;6.19;0.39;0.99;0.48;3.19;2.4;1.8;0.48;0.38;0.33;2.19;0.69;2;0.05;0.15;2;0.16;111.81;19.31;61.81;71.81;99.81;17.81;17.81;43.81;6.81;21.81;3.61;11.81;26.81;6.71;4.71;8.21;2.81;66.81;60.81;37.81;5.21;17.81;7.61;38.81;66.81;6.51;17.81;1;0.04;
0.39;11.52;6.18;0.39;0.98;0.48;3.18;2.4;1.8;0.48;0.38;0.33;2.18;0.68;2;0.05;0.15;2;0.16;111.82;19.32;61.82;71.82;99.82;17.82;17.82;43.82;6.82;21.82;3.62;11.82;26.82;6.72;4.72;8.22;2.82;66.82;60.82;37.82;5.22;17.82;7.62;38.82;66.82;6.52;17.82;1;0.04;
0.39;11.53;6.17;0.39;0.97;0.48;3.17;2.4;1.8;0.48;0.38;0.33;2.17;0.67;2;0.05;0.15;2;0.16;111.83;19.33;61.83;71.83;99.83;17.83;17.83;43.83;6.83;21.83;3.63;11.83;26.83;6.73;4.73;8.23;2.83;66.83;60.83;37.83;5.23;17.83;7.63;38.83;66.83;6.53;17.83;1;0.04;
0.39;11.54;6.16;0.39;0.96;0.48;3.16;2.4;1.8;0.48;0.38;0.33;2.16;0.66;2;0.05;0.15;2;0.16;111.84;19.34;61.84;71.84;99.84;17.84;17.84;43.84;6.84;21.84;3.64;11.84;26.84;6.74;4.74;8.24;2.84;66.84;60.84;37.84;5.24;17.84;7.64;38.84;66.84;6.54;17.84;1;0.04;
0.39;11.55;6.15;0.39;0.95;0.48;3.15;2.4;1.8;0.48;0.38;0.33;2.15;0.65;2;0.05;0.15;2;0.16;111.85;19.35;61.85;71.85;99.85;17.85;17.85;43.85;6.85;21.85;3.65;11.85;26.85;6.75;4.75;8.25;2.85;66.85;60.85;37.85;5.25;17.85;7.65;38.85;66.85;6.55;17.85;1;0.04;
0.39;11.56;6.14;0.39;0.94;0.48;3.14;2.4;1.8;0.48;0.38;0.33;2.14;0.64;2;0.05;0.15;2;0.16;111.86;19.36;61.86;71.86;99.86;17.86;17.86;43.86;6.86;21.86;3.66;11.86;26.86;6.76;4.76;8.26;2.86;66.86;60.86;37.86;5.26;17.86;7.66;38.86;66.86;6.56;17.86;1;0.04;
0.39;11.57;6.13;0.39;0.93;0.48;3.13;2.4;1.8;0.48;0.38;0.33;2.13;0.63;2;0.05;0.15;2;0.16;111.87;19.37;61.87;71.87;99.87;17.87;17.87;43.87;6.87;21.87;3.67;11.87;26.87;6.77;4.77;8.27;2.87;66.87;60.87;37.87;5.27;17.87;7.67;38.87;66.87;6.57;17.87;1;0.04;
0.39;11.58;6.12;0.39;0.92;0.48;3.12;2.4;1.8;0.48;0.38;0.33;2.12;0.62;2;0.05;0.15;2;0.16;111.88;19.38;61.88;71.88;99.88;17.88;17.88;43.88;6.88;21.88;3.68;11.88;26.88;6.78;4.78;8.28;2.88;66.88;60.88;37.88;5.28;17.88;7.68;38.88;66.88;6.58;17.88;1;0.04;
0.39;11.59;6.11;0.39;0.91;0.48;3.11;2.4;1.8;0.48;0.38;0.33;2.11;0.61;2;0.05;0.15;2;0.16;111.89;19.39;61.89;71.89;99.89;17.89;17.89;43.89;6.89;21.89;3.69;11.89;26.89;6.79;4.79;8.29;2.89;66.89;60.89;37.89;5.29;17.89;7.69;38.89;66.89;6.59;17.89;1;0.04;
0.39;11.6;6.1;0.39;0.9;0.48;3.1;2.4;1.8;0.48;0.38;0.33;2.1;0.6;2;0.05;0.15;2;0.16;111.9;19.4;61.9;71.9;99.9;17.9;17.9;43.9;6.9;21.9;3.7;11.9;26.9;6.8;4.8;8.3;2.9;66.9;60.9;37.9;5.3;17.9;7.7;38.9;66.9;6.6;17.9;1;0.04;
0.39;11.61;6.09;0.39;0.89;0.48;3.09;2.4;1.8;0.48;0.38;0.33;2.09;0.59;2;0.05;0.15;2;0.16;111.91;19.41;61.91;71.91;99.91;17.91;17.91;43.91;6.91;21.91;3.71;11.91;26.91;6.81;4.81;8.31;2.91;66.91;60.91;37.91;5.31;17.91;7.71;38.91;66.91;6.61;17.91;1;0.04;
0.39;11.62;6.08;0.39;0.88;0.48;3.08;2.4;1.8;0.48;0.38;0.33;2.08;0.58;2;0.05;0.15;2;0.16;111.92;19.42;61.92;71.92;99.92;17.92;17.92;43.92;6.92;21.92;3.72;11.92;26.92;6.82;4.82;8.32;2.92;66.92;60.92;37.92;5.32;17.92;7.72;38.92;66.92;6.62;17.92;1;0.04;
0.39;11.63;6.07;0.39;0.87;0.48;3.07;2.4;1.8;0.48;0.38;0.33;2.07;0.57;2;0.05;0.15;2;0.16;111.93;19.43;61.93;71.93;99.93;17.93;17.93;43.93;6.93;21.93;3.73;11.93;26.93;6.83;4.83;8.33;2.93;66.93;60.93;37.93;5.33;17.93;7.73;38.93;66.93;6.63;17.93;1;0.04;
0.39;11.64;6.06;0.39;0.86;0.48;3.06;2.4;1.8;0.48;0.38;0.33;2.06;0.56;2;0.05;0.15;2;0.16;111.94;19.44;61.94;71.94;99.94;17.94;17.94;43.94;6.94;21.94;3.74;11.94;26.94;6.84;4.84;8.34;2.94;66.94;60.94;37.94;5.34;17.94;7.74;38.94;66.94;6.64;17.94;1;0.04;
0.39;11.65;6.05;0.39;0.85;0.48;3.05;2.4;1.8;0.48;0.38;0.33;2.05;0.55;2;0.05;0.15;2;0.16;111.95;19.45;61.95;71.95;99.95;17.95;17.95;43.95;6.95;21.95;3.75;11.95;26.95;6.85;4.85;8.35;2.95;66.95;60.95;37.95;5.35;17.95;7.75;38.95;66.95;6.65;17.95;1;0.04;
0.39;11.66;6.04;0.39;0.84;0.48;3.04;2.4;1.8;0.48;0.38;0.33;2.04;0.54;2;0.05;0.15;2;0.16;111.96;19.46;61.96;71.96;99.96;17.96;17.96;43.96;6.96;21.96;3.76;11.96;26.96;6.86;4.86;8.36;2.96;66.96;60.96;37.96;5.36;17.96;7.76;38.96;66.96;6.66;17.96;1;0.04;
0.39;11.67;6.03;0.39;0.83;0.48;3.03;2.4;1.8;0.48;0.38;0.33;2.03;0.54;2;0.05;0.15;2;0.16;111.97;19.47;61.97;71.97;99.97;17.97;17.97;43.97;6.97;21.97;3.77;11.97;26.97;6.87;4.87;8.37;2.97;66.97;60.97;37.97;5.37;17.97;7.77;38.97;66.97;6.67;17.97;1;0.04;
0.39;11.68;6.02;0.39;0.82;0.48;3.02;2.4;1.8;0.48;0.38;0.33;2.02;0.54;2;0.05;0.15;2;0.16;111.98;19.48;61.98;71.98;99.98;17.98;17.98;43.98;6.98;21.98;3.78;11.98;26.98;6.88;4.88;8.38;2.98;66.98;60.98;37.98;5.38;17.98;7.78;38.98;66.98;6.68;17.98;1;0.04;
0.39;11.69;6.01;0.39;0.81;0.48;3.01;2.4;1.8;0.48;0.38;0.33;2.01;0.54;2;0.05;0.15;2;0.16;111.99;19.49;61.99;71.99;99.99;17.99;17.99;43.99;6.99;21.99;3.79;11.99;26.99;6.89;4.89;8.39;2.99;66.99;60.99;37.99;5.39;17.99;7.79;38.99;66.99;6.69;17.99;1;0.04;
0.39;11.7;6;0.39;0.8;0.48;3;2.4;1.8;0.48;0.38;0.33;2;0.54;2;0.05;0.15;2;0.16;112;19.5;62;72;100;18;18;44;7;22;3.8;12;27;6.9;4.9;8.4;3;67;61;38;5.4;18;7.8;39;67;6.7;18;1;0.04;
0.39;11.71;5.99;0.39;0.79;0.48;2.99;2.4;1.8;0.48;0.38;0.33;1.99;0.54;2;0.05;0.15;2;0.16;112.01;19.51;62.01;72.01;100.01;18.01;18.01;44.01;7.01;22.01;3.81;12.01;27.01;6.91;4.91;8.41;3.01;67.01;61.01;38.01;5.41;18.01;7.81;39.01;67.01;6.71;18.01;1;0.04;
0.39;11.72;5.98;0.39;0.78;0.48;2.98;2.4;1.8;0.48;0.38;0.33;1.98;0.54;2;0.05;0.15;2;0.16;112.02;19.52;62.02;72.02;100.02;18.02;18.02;44.02;7.02;22.02;3.82;12.02;27.02;6.92;4.92;8.42;3.02;67.02;61.02;38.02;5.42;18.02;7.82;39.02;67.02;6.72;18.02;1;0.04;
0.39;11.73;5.97;0.39;0.77;0.48;2.97;2.4;1.8;0.48;0.38;0.33;1.97;0.54;2;0.05;0.15;2;0.16;112.03;19.53;62.03;72.03;100.03;18.03;18.03;44.03;7.03;22.03;3.83;12.03;27.03;6.93;4.93;8.43;3.03;67.03;61.03;38.03;5.43;18.03;7.83;39.03;67.03;6.73;18.03;1;0.04;
0.39;11.74;5.96;0.39;0.76;0.48;2.96;2.4;1.8;0.48;0.38;0.33;1.96;0.54;2;0.05;0.15;2;0.16;112.04;19.54;62.04;72.04;100.04;18.04;18.04;44.04;7.04;22.04;3.84;12.04;27.04;6.94;4.94;8.44;3.04;67.04;61.04;38.04;5.44;18.04;7.84;39.04;67.04;6.74;18.04;1;0.04;
0.39;11.75;5.95;0.39;0.75;0.48;2.95;2.4;1.8;0.48;0.38;0.33;1.95;0.54;2;0.05;0.15;2;0.16;112.05;19.55;62.05;72.05;100.05;18.05;18.05;44.05;7.05;22.05;3.85;12.05;27.05;6.95;4.95;8.45;3.05;67.05;61.05;38.05;5.45;18.05;7.85;39.05;67.05;6.75;18.05;1;0.04;
0.39;11.76;5.94;0.39;0.74;0.48;2.94;2.4;1.8;0.48;0.38;0.33;1.94;0.54;2;0.05;0.15;2;0.16;112.06;19.56;62.06;72.06;100.06;18.06;18.06;44.06;7.06;22.06;3.86;12.06;27.06;6.96;4.96;8.46;3.06;67.06;61.06;38.06;5.46;18.06;7.86;39.06;67.06;6.76;18.06;1;0.04;
0.39;11.77;5.93;0.39;0.73;0.48;2.93;2.4;1.8;0.48;0.38;0.33;1.93;0.54;2;0.05;0.15;2;0.16;112.07;19.57;62.07;72.07;100.07;18.07;18.07;44.07;7.07;22.07;3.87;12.07;27.07;6.97;4.97;8.47;3.07;67.07;61.07;38.07;5.47;18.07;7.87;39.07;67.07;6.77;18.07;1;0.04;
0.39;11.78;5.92;0.39;0.72;0.48;2.92;2.4;1.8;0.48;0.38;0.33;1.92;0.54;2;0.05;0.15;2;0.16;112.08;19.58;62.08;72.08;100.08;18.08;18.08;44.08;7.08;22.08;3.88;12.08;27.08;6.98;4.98;8.48;3.08;67.08;61.08;38.08;5.48;18.08;7.88;39.08;67.08;6.78;18.08;1;0.04;
0.39;11.79;5.91;0.39;0.71;0.48;2.91;2.4;1.8;0.48;0.38;0.33;1.91;0.54;2;0.05;0.15;2;0.16;112.09;19.59;62.09;72.09;100.09;18.09;18.09;44.09;7.09;22.09;3.89;12.09;27.09;6.99;4.99;8.49;3.09;67.09;61.09;38.09;5.49;18.09;7.89;39.09;67.09;6.79;18.09;1;0.04;
0.39;11.8;5.9;0.39;0.7;0.48;2.9;2.4;1.8;0.48;0.38;0.33;1.9;0.54;2;0.05;0.15;2;0.16;112.1;19.6;62.1;72.1;100.1;18.1;18.1;44.1;7.1;22.1;3.9;12.1;27.1;7;5;8.5;3.1;67.1;61.1;38.1;5.5;18.1;7.9;39.1;67.1;6.8;18.1;1;0.04;
0.39;11.81;5.89;0.39;0.69;0.48;2.89;2.4;1.8;0.48;0.38;0.33;1.89;0.54;2;0.05;0.15;2;0.16;112.11;19.61;62.11;72.11;100.11;18.11;18.11;44.11;7.11;22.11;3.91;12.11;27.11;7.01;5.01;8.51;3.11;67.11;61.11;38.11;5.51;18.11;7.91;39.11;67.11;6.81;18.11;1;0.04;
0.39;11.82;5.88;0.39;0.68;0.48;2.88;2.4;1.8;0.48;0.38;0.33;1.88;0.54;2;0.05;0.15;2;0.16;112.12;19.62;62.12;72.12;100.12;18.12;18.12;44.12;7.12;22.12;3.92;12.12;27.12;7.02;5.02;8.52;3.12;67.12;61.12;38.12;5.52;18.12;7.92;39.12;67.12;6.82;18.12;1;0.04;
0.39;11.83;5.87;0.39;0.67;0.48;2.87;2.4;1.8;0.48;0.38;0.33;1.87;0.54;2;0.05;0.15;2;0.16;112.13;19.63;62.13;72.13;100.13;18.13;18.13;44.13;7.13;22.13;3.93;12.13;27.13;7.03;5.03;8.53;3.13;67.13;61.13;38.13;5.53;18.13;7.93;39.13;67.13;6.83;18.13;1;0.04;
0.39;11.84;5.86;0.39;0.66;0.48;2.86;2.4;1.8;0.48;0.38;0.33;1.86;0.54;2;0.05;0.15;2;0.16;112.14;19.64;62.14;72.14;100.14;18.14;18.14;44.14;7.14;22.14;3.94;12.14;27.14;7.04;5.04;8.54;3.14;67.14;61.14;38.14;5.54;18.14;7.94;39.14;67.14;6.84;18.14;1;0.04;
0.39;11.85;5.85;0.39;0.65;0.48;2.85;2.4;1.8;0.48;0.38;0.33;1.85;0.54;2;0.05;0.15;2;0.16;112.15;19.65;62.15;72.15;100.15;18.15;18.15;44.15;7.15;22.15;3.95;12.15;27.15;7.05;5.05;8.55;3.15;67.15;61.15;38.15;5.55;18.15;7.95;39.15;67.15;6.85;18.15;1;0.04;
0.39;11.86;5.84;0.39;0.64;0.48;2.84;2.4;1.8;0.48;0.38;0.33;1.84;0.54;2;0.05;0.15;2;0.16;112.16;19.66;62.16;72.16;100.16;18.16;18.16;44.16;7.16;22.16;3.96;12.16;27.16;7.06;5.06;8.56;3.16;67.16;61.16;38.16;5.56;18.16;7.96;39.16;67.16;6.86;18.16;1;0.04;
0.39;11.87;5.83;0.39;0.63;0.48;2.83;2.4;1.8;0.48;0.38;0.33;1.83;0.54;2;0.05;0.15;2;0.16;112.17;19.67;62.17;72.17;100.17;18.17;18.17;44.17;7.17;22.17;3.97;12.17;27.17;7.07;5.07;8.57;3.17;67.17;61.17;38.17;5.57;18.17;7.97;39.17;67.17;6.87;18.17;1;0.04;
0.39;11.88;5.82;0.39;0.62;0.48;2.82;2.4;1.8;0.48;0.38;0.33;1.82;0.54;2;0.05;0.15;2;0.16;112.18;19.68;62.18;72.18;100.18;18.18;18.18;44.18;7.18;22.18;3.98;12.18;27.18;7.08;5.08;8.58;3.18;67.18;61.18;38.18;5.58;18.18;7.98;39.18;67.18;6.88;18.18;1;0.04;
0.39;11.89;5.81;0.39;0.61;0.48;2.81;2.4;1.8;0.48;0.38;0.33;1.81;0.54;2;0.05;0.15;2;0.16;112.19;19.69;62.19;72.19;100.19;18.19;18.19;44.19;7.19;22.19;3.99;12.19;27.19;7.09;5.09;8.59;3.19;67.19;61.19;38.19;5.59;18.19;7.99;39.19;67.19;6.89;18.19;1;0.04;
0.39;11.9;5.8;0.39;0.61;0.48;2.8;2.4;1.8;0.48;0.38;0.33;1.8;0.54;2;0.05;0.15;2;0.16;112.2;19.7;62.2;72.2;100.2;18.2;18.2;44.2;7.2;22.2;4;12.2;27.2;7.1;5.1;8.6;3.2;67.2;61.2;38.2;5.6;18.2;8;39.2;67.2;6.9;18.2;1;0.04;
0.39;11.91;5.79;0.39;0.61;0.48;2.79;2.4;1.8;0.48;0.38;0.33;1.79;0.54;2;0.05;0.15;2;0.16;112.21;19.71;62.21;72.21;100.21;18.21;18.21;44.21;7.21;22.21;4.01;12.21;27.21;7.11;5.11;8.61;3.21;67.21;61.21;38.21;5.61;18.21;8.01;39.21;67.21;6.91;18.21;1;0.04;
0.39;11.92;5.78;0.39;0.61;0.48;2.78;2.4;1.8;0.48;0.38;0.33;1.78;0.54;2;0.05;0.15;2;0.16;112.22;19.72;62.22;72.22;100.22;18.22;18.22;44.22;7.22;22.22;4.02;12.22;27.22;7.12;5.12;8.62;3.22;67.22;61.22;38.22;5.62;18.22;8.02;39.22;67.22;6.92;18.22;1;0.04;
0.39;11.93;5.77;0.39;0.61;0.48;2.77;2.4;1.8;0.48;0.38;0.33;1.77;0.54;2;0.05;0.15;2;0.16;112.23;19.73;62.23;72.23;100.23;18.23;18.23;44.23;7.23;22.23;4.03;12.23;27.23;7.13;5.13;8.63;3.23;67.23;61.23;38.23;5.63;18.23;8.03;39.23;67.23;6.93;18.23;1;0.04;
0.39;11.94;5.76;0.39;0.61;0.48;2.76;2.4;1.8;0.48;0.38;0.33;1.76;0.54;2;0.05;0.15;2;0.16;112.24;19.74;62.24;72.24;100.24;18.24;18.24;44.24;7.24;22.24;4.04;12.24;27.24;7.14;5.14;8.64;3.24;67.24;61.24;38.24;5.64;18.24;8.04;39.24;67.24;6.94;18.24;1;0.04;
0.39;11.95;5.75;0.39;0.61;0.48;2.75;2.4;1.8;0.48;0.38;0.33;1.75;0.54;2;0.05;0.15;2;0.16;112.25;19.75;62.25;72.25;100.25;18.25;18.25;44.25;7.25;22.25;4.05;12.25;27.25;7.15;5.15;8.65;3.25;67.25;61.25;38.25;5.65;18.25;8.05;39.25;67.25;6.95;18.25;1;0.04;
0.39;11.96;5.74;0.39;0.61;0.48;2.74;2.4;1.8;0.48;0.38;0.33;1.74;0.54;2;0.05;0.15;2;0.16;112.26;19.76;62.26;72.26;100.26;18.26;18.26;44.26;7.26;22.26;4.06;12.26;27.26;7.16;5.16;8.66;3.26;67.26;61.26;38.26;5.66;18.26;8.06;39.26;67.26;6.96;18.26;1;0.04;
0.39;11.97;5.73;0.39;0.61;0.48;2.73;2.4;1.8;0.48;0.38;0.33;1.73;0.54;2;0.05;0.15;2;0.16;112.27;19.77;62.27;72.27;100.27;18.27;18.27;44.27;7.27;22.27;4.07;12.27;27.27;7.17;5.17;8.67;3.27;67.27;61.27;38.27;5.67;18.27;8.07;39.27;67.27;6.97;18.27;1;0.04;
0.39;11.98;5.72;0.39;0.61;0.48;2.72;2.4;1.8;0.48;0.38;0.33;1.72;0.54;2;0.05;0.15;2;0.16;112.28;19.78;62.28;72.28;100.28;18.28;18.28;44.28;7.28;22.28;4.08;12.28;27.28;7.18;5.18;8.68;3.28;67.28;61.28;38.28;5.68;18.28;8.08;39.28;67.28;6.98;18.28;1;0.04;
0.39;11.99;5.71;0.39;0.61;0.48;2.71;2.4;1.8;0.48;0.38;0.33;1.71;0.54;2;0.05;0.15;2;0.16;112.29;19.79;62.29;72.29;100.29;18.29;18.29;44.29;7.29;22.29;4.09;12.29;27.29;7.19;5.19;8.69;3.29;67.29;61.29;38.29;5.69;18.29;8.09;39.29;67.29;6.99;18.29;1;0.04;
0.39;12;5.7;0.39;0.61;0.48;2.7;2.4;1.8;0.48;0.38;0.33;1.7;0.54;2;0.05;0.15;2;0.16;112.3;19.8;62.3;72.3;100.3;18.3;18.3;44.3;7.3;22.3;4.1;12.3;27.3;7.2;5.2;8.7;3.3;67.3;61.3;38.3;5.7;18.3;8.1;39.3;67.3;7;18.3;1;0.04;
0.39;12.01;5.69;0.39;0.61;0.48;2.69;2.4;1.8;0.48;0.38;0.33;1.69;0.54;2;0.05;0.15;2;0.16;112.31;19.81;62.31;72.31;100.31;18.31;18.31;44.31;7.31;22.31;4.11;12.31;27.31;7.21;5.21;8.71;3.31;67.31;61.31;38.31;5.71;18.31;8.11;39.31;67.31;7.01;18.31;1;0.04;
0.39;12.02;5.68;0.39;0.61;0.48;2.68;2.4;1.8;0.48;0.38;0.33;1.68;0.54;2;0.05;0.15;2;0.16;112.32;19.82;62.32;72.32;100.32;18.32;18.32;44.32;7.32;22.32;4.12;12.32;27.32;7.22;5.22;8.72;3.32;67.32;61.32;38.32;5.72;18.32;8.12;39.32;67.32;7.02;18.32;1;0.04;
0.39;12.03;5.67;0.39;0.61;0.48;2.67;2.4;1.8;0.48;0.38;0.33;1.67;0.54;2;0.05;0.15;2;0.16;112.33;19.83;62.33;72.33;100.33;18.33;18.33;44.33;7.33;22.33;4.13;12.33;27.33;7.23;5.23;8.73;3.33;67.33;61.33;38.33;5.73;18.33;8.13;39.33;67.33;7.03;18.33;1;0.04;
0.39;12.04;5.66;0.39;0.61;0.48;2.66;2.4;1.8;0.48;0.38;0.33;1.66;0.54;2;0.05;0.15;2;0.16;112.34;19.84;62.34;72.34;100.34;18.34;18.34;44.34;7.34;22.34;4.14;12.34;27.34;7.24;5.24;8.74;3.34;67.34;61.34;38.34;5.74;18.34;8.14;39.34;67.34;7.04;18.34;1;0.04;
0.39;12.05;5.65;0.39;0.61;0.48;2.65;2.4;1.8;0.48;0.38;0.33;1.65;0.54;2;0.05;0.15;2;0.16;112.35;19.85;62.35;72.35;100.35;18.35;18.35;44.35;7.35;22.35;4.15;12.35;27.35;7.25;5.25;8.75;3.35;67.35;61.35;38.35;5.75;18.35;8.15;39.35;67.35;7.05;18.35;1;0.04;
0.39;12.06;5.64;0.39;0.61;0.48;2.64;2.4;1.8;0.48;0.38;0.33;1.64;0.54;2;0.05;0.15;2;0.16;112.36;19.86;62.36;72.36;100.36;18.36;18.36;44.36;7.36;22.36;4.16;12.36;27.36;7.26;5.26;8.76;3.36;67.36;61.36;38.36;5.76;18.36;8.16;39.36;67.36;7.06;18.36;1;0.04;
0.39;12.07;5.63;0.39;0.61;0.48;2.63;2.4;1.8;0.48;0.38;0.33;1.63;0.54;2;0.05;0.15;2;0.16;112.37;19.87;62.37;72.37;100.37;18.37;18.37;44.37;7.37;22.37;4.17;12.37;27.37;7.27;5.27;8.77;3.37;67.37;61.37;38.37;5.77;18.37;8.17;39.37;67.37;7.07;18.37;1;0.04;
0.39;12.08;5.62;0.39;0.61;0.48;2.62;2.4;1.8;0.48;0.38;0.33;1.62;0.54;2;0.05;0.15;2;0.16;112.38;19.88;62.38;72.38;100.38;18.38;18.38;44.38;7.38;22.38;4.18;12.38;27.38;7.28;5.28;8.78;3.38;67.38;61.38;38.38;5.78;18.38;8.18;39.38;67.38;7.08;18.38;1;0.04;
0.39;12.09;5.61;0.39;0.61;0.48;2.61;2.4;1.8;0.48;0.38;0.33;1.61;0.54;2;0.05;0.15;2;0.16;112.39;19.89;62.39;72.39;100.39;18.39;18.39;44.39;7.39;22.39;4.19;12.39;27.39;7.29;5.29;8.79;3.39;67.39;61.39;38.39;5.79;18.39;8.19;39.39;67.39;7.09;18.39;1;0.04;
0.39;12.1;5.6;0.39;0.61;0.48;2.6;2.4;1.8;0.48;0.38;0.33;1.6;0.54;2;0.05;0.15;2;0.16;112.4;19.9;62.4;72.4;100.4;18.4;18.4;44.4;7.4;22.4;4.2;12.4;27.4;7.3;5.3;8.8;3.4;67.4;61.4;38.4;5.8;18.4;8.2;39.4;67.4;7.1;18.4;1;0.04;
0.39;12.11;5.59;0.39;0.61;0.48;2.59;2.4;1.8;0.48;0.38;0.33;1.59;0.54;2;0.05;0.15;2;0.16;112.41;19.91;62.41;72.41;100.41;18.41;18.41;44.41;7.41;22.41;4.21;12.41;27.41;7.31;5.31;8.81;3.41;67.41;61.41;38.41;5.81;18.41;8.21;39.41;67.41;7.11;18.41;1;0.04;
0.39;12.12;5.58;0.39;0.61;0.48;2.58;2.4;1.8;0.48;0.38;0.33;1.58;0.54;2;0.05;0.15;2;0.16;112.42;19.92;62.42;72.42;100.42;18.42;18.42;44.42;7.42;22.42;4.22;12.42;27.42;7.32;5.32;8.82;3.42;67.42;61.42;38.42;5.82;18.42;8.22;39.42;67.42;7.12;18.42;1;0.04;
0.39;12.13;5.57;0.39;0.61;0.48;2.57;2.4;1.8;0.48;0.38;0.33;1.57;0.54;2;0.05;0.15;2;0.16;112.43;19.93;62.43;72.43;100.43;18.43;18.43;44.43;7.43;22.43;4.23;12.43;27.43;7.33;5.33;8.83;3.43;67.43;61.43;38.43;5.83;18.43;8.23;39.43;67.43;7.13;18.43;1;0.04;
0.39;12.14;5.56;0.39;0.61;0.48;2.56;2.4;1.8;0.48;0.38;0.33;1.56;0.54;2;0.05;0.15;2;0.16;112.44;19.94;62.44;72.44;100.44;18.44;18.44;44.44;7.44;22.44;4.24;12.44;27.44;7.34;5.34;8.84;3.44;67.44;61.44;38.44;5.84;18.44;8.24;39.44;67.44;7.14;18.44;1;0.04;
0.39;12.15;5.55;0.39;0.61;0.48;2.55;2.4;1.8;0.48;0.38;0.33;1.55;0.54;2;0.05;0.15;2;0.16;112.45;19.95;62.45;72.45;100.45;18.45;18.45;44.45;7.45;22.45;4.25;12.45;27.45;7.35;5.35;8.85;3.45;67.45;61.45;38.45;5.85;18.45;8.25;39.45;67.45;7.15;18.45;1;0.04;
0.39;12.16;5.54;0.39;0.61;0.48;2.54;2.4;1.8;0.48;0.38;0.33;1.54;0.54;2;0.05;0.15;2;0.16;112.46;19.96;62.46;72.46;100.46;18.46;18.46;44.46;7.46;22.46;4.26;12.46;27.46;7.36;5.36;8.86;3.46;67.46;61.46;38.46;5.86;18.46;8.26;39.46;67.46;7.16;18.46;1;0.04;
0.39;12.17;5.53;0.39;0.61;0.48;2.53;2.4;1.8;0.48;0.38;0.33;1.53;0.54;2;0.05;0.15;2;0.16;112.47;19.97;62.47;72.47;100.47;18.47;18.47;44.47;7.47;22.47;4.27;12.47;27.47;7.37;5.37;8.87;3.47;67.47;61.47;38.47;5.87;18.47;8.27;39.47;67.47;7.17;18.47;1;0.04;
0.39;12.18;5.52;0.39;0.61;0.48;2.52;2.4;1.8;0.48;0.38;0.33;1.52;0.54;2;0.05;0.15;2;0.16;112.48;19.98;62.48;72.48;100.48;18.48;18.48;44.48;7.48;22.48;4.28;12.48;27.48;7.38;5.38;8.88;3.48;67.48;61.48;38.48;5.88;18.48;8.28;39.48;67.48;7.18;18.48;1;0.04;
0.39;12.19;5.51;0.39;0.61;0.48;2.51;2.4;1.8;0.48;0.38;0.33;1.51;0.54;2;0.05;0.15;2;0.16;112.49;19.99;62.49;72.49;100.49;18.49;18.49;44.49;7.49;22.49;4.29;12.49;27.49;7.39;5.39;8.89;3.49;67.49;61.49;38.49;5.89;18.49;8.29;39.49;67.49;7.19;18.49;1;0.04;
0.39;12.2;5.5;0.39;0.61;0.48;2.5;2.4;1.8;0.48;0.38;0.33;1.5;0.54;2;0.05;0.15;2;0.16;112.5;20;62.5;72.5;100.5;18.5;18.5;44.5;7.5;22.5;4.3;12.5;27.5;7.4;5.4;8.9;3.5;67.5;61.5;38.5;5.9;18.5;8.3;39.5;67.5;7.2;18.5;1;0.04;
0.39;12.21;5.49;0.39;0.61;0.48;2.49;2.4;1.8;0.48;0.38;0.33;1.49;0.54;2;0.05;0.15;2;0.16;112.51;20.01;62.51;72.51;100.51;18.51;18.51;44.51;7.51;22.51;4.31;12.51;27.51;7.41;5.41;8.91;3.51;67.51;61.51;38.51;5.91;18.51;8.31;39.51;67.51;7.21;18.51;1;0.04;
0.39;12.22;5.48;0.39;0.61;0.48;2.48;2.4;1.8;0.48;0.38;0.33;1.48;0.54;2;0.05;0.15;2;0.16;112.52;20.02;62.52;72.52;100.52;18.52;18.52;44.52;7.52;22.52;4.32;12.52;27.52;7.42;5.42;8.92;3.52;67.52;61.52;38.52;5.92;18.52;8.32;39.52;67.52;7.22;18.52;1;0.04;
0.39;12.23;5.47;0.39;0.61;0.48;2.47;2.4;1.8;0.48;0.38;0.33;1.47;0.54;2;0.05;0.15;2;0.16;112.53;20.03;62.53;72.53;100.53;18.53;18.53;44.53;7.53;22.53;4.33;12.53;27.53;7.43;5.43;8.93;3.53;67.53;61.53;38.53;5.93;18.53;8.33;39.53;67.53;7.23;18.53;1;0.04;
0.39;12.24;5.46;0.39;0.61;0.48;2.46;2.4;1.8;0.48;0.38;0.33;1.46;0.54;2;0.05;0.15;2;0.16;112.54;20.04;62.54;72.54;100.54;18.54;18.54;44.54;7.54;22.54;4.34;12.54;27.54;7.44;5.44;8.94;3.54;67.54;61.54;38.54;5.94;18.54;8.34;39.54;67.54;7.24;18.54;1;0.04;
0.39;12.25;5.45;0.39;0.61;0.48;2.45;2.4;1.8;0.48;0.38;0.33;1.45;0.54;2;0.05;0.15;2;0.16;112.55;20.05;62.55;72.55;100.55;18.55;18.55;44.55;7.55;22.55;4.35;12.55;27.55;7.45;5.45;8.95;3.55;67.55;61.55;38.55;5.95;18.55;8.35;39.55;67.55;7.25;18.55;1;0.04;
0.39;12.26;5.44;0.39;0.61;0.48;2.44;2.4;1.8;0.48;0.38;0.33;1.44;0.54;2;0.05;0.15;2;0.16;112.56;20.06;62.56;72.56;100.56;18.56;18.56;44.56;7.56;22.56;4.36;12.56;27.56;7.46;5.46;8.96;3.56;67.56;61.56;38.56;5.96;18.56;8.36;39.56;67.56;7.26;18.56;1;0.04;
0.39;12.27;5.43;0.39;0.61;0.48;2.43;2.4;1.8;0.48;0.38;0.33;1.43;0.54;2;0.05;0.15;2;0.16;112.57;20.07;62.57;72.57;100.57;18.57;18.57;44.57;7.57;22.57;4.37;12.57;27.57;7.47;5.47;8.97;3.57;67.57;61.57;38.57;5.97;18.57;8.37;39.57;67.57;7.27;18.57;1;0.04;
0.39;12.28;5.42;0.39;0.61;0.48;2.42;2.4;1.8;0.48;0.38;0.33;1.42;0.54;2;0.05;0.15;2;0.16;112.58;20.08;62.58;72.58;100.58;18.58;18.58;44.58;7.58;22.58;4.38;12.58;27.58;7.48;5.48;8.98;3.58;67.58;61.58;38.58;5.98;18.58;8.38;39.58;67.58;7.28;18.58;1;0.04;
0.39;12.29;5.41;0.39;0.61;0.48;2.41;2.4;1.8;0.48;0.38;0.33;1.41;0.54;2;0.05;0.15;2;0.16;112.59;20.09;62.59;72.59;100.59;18.59;18.59;44.59;7.59;22.59;4.39;12.59;27.59;7.49;5.49;8.99;3.59;67.59;61.59;38.59;5.99;18.59;8.39;39.59;67.59;7.29;18.59;1;0.04;
0.39;12.3;5.4;0.39;0.61;0.48;2.4;2.4;1.8;0.48;0.38;0.33;1.4;0.54;2;0.05;0.15;2;0.16;112.6;20.1;62.6;72.6;100.6;18.6;18.6;44.6;7.6;22.6;4.4;12.6;27.6;7.5;5.5;9;3.6;67.6;61.6;38.6;6;18.6;8.4;39.6;67.6;7.3;18.6;1;0.04;
0.39;12.31;5.39;0.39;0.61;0.48;2.39;2.4;1.8;0.48;0.38;0.33;1.39;0.54;2;0.05;0.15;2;0.16;112.61;20.11;62.61;72.61;100.61;18.61;18.61;44.61;7.61;22.61;4.41;12.61;27.61;7.51;5.51;9.01;3.61;67.61;61.61;38.61;6.01;18.61;8.41;39.61;67.61;7.31;18.61;1;0.04;
0.39;12.32;5.38;0.39;0.61;0.48;2.38;2.4;1.8;0.48;0.38;0.33;1.38;0.54;2;0.05;0.15;2;0.16;112.62;20.12;62.62;72.62;100.62;18.62;18.62;44.62;7.62;22.62;4.42;12.62;27.62;7.52;5.52;9.02;3.62;67.62;61.62;38.62;6.02;18.62;8.42;39.62;67.62;7.32;18.62;1;0.04;
0.39;12.33;5.37;0.39;0.61;0.48;2.37;2.4;1.8;0.48;0.38;0.33;1.37;0.54;2;0.05;0.15;2;0.16;112.63;20.13;62.63;72.63;100.63;18.63;18.63;44.63;7.63;22.63;4.43;12.63;27.63;7.53;5.53;9.03;3.63;67.63;61.63;38.63;6.03;18.63;8.43;39.63;67.63;7.33;18.63;1;0.04;
0.39;12.34;5.36;0.39;0.61;0.48;2.36;2.4;1.8;0.48;0.38;0.33;1.36;0.54;2;0.05;0.15;2;0.16;112.64;20.14;62.64;72.64;100.64;18.64;18.64;44.64;7.64;22.64;4.44;12.64;27.64;7.54;5.54;9.04;3.64;67.64;61.64;38.64;6.04;18.64;8.44;39.64;67.64;7.34;18.64;1;0.04;
0.39;12.35;5.35;0.39;0.61;0.48;2.35;2.4;1.8;0.48;0.38;0.33;1.35;0.54;2;0.05;0.15;2;0.16;112.65;20.15;62.65;72.65;100.65;18.65;18.65;44.65;7.65;22.65;4.45;12.65;27.65;7.55;5.55;9.05;3.65;67.65;61.65;38.65;6.05;18.65;8.45;39.65;67.65;7.35;18.65;1;0.04;
0.39;12.36;5.34;0.39;0.61;0.48;2.34;2.4;1.8;0.48;0.38;0.33;1.34;0.54;2;0.05;0.15;2;0.16;112.66;20.16;62.66;72.66;100.66;18.66;18.66;44.66;7.66;22.66;4.46;12.66;27.66;7.56;5.56;9.06;3.66;67.66;61.66;38.66;6.06;18.66;8.46;39.66;67.66;7.36;18.66;1;0.04;
0.39;12.37;5.33;0.39;0.61;0.48;2.33;2.4;1.8;0.48;0.38;0.33;1.33;0.54;2;0.05;0.15;2;0.16;112.67;20.17;62.67;72.67;100.67;18.67;18.67;44.67;7.67;22.67;4.47;12.67;27.67;7.57;5.57;9.07;3.67;67.67;61.67;38.67;6.07;18.67;8.47;39.67;67.67;7.37;18.67;1;0.04;
0.39;12.38;5.32;0.39;0.61;0.48;2.32;2.4;1.8;0.48;0.38;0.33;1.32;0.54;2;0.05;0.15;2;0.16;112.68;20.18;62.68;72.68;100.68;18.68;18.68;44.68;7.68;22.68;4.48;12.68;27.68;7.58;5.58;9.08;3.68;67.68;61.68;38.68;6.08;18.68;8.48;39.68;67.68;7.38;18.68;1;0.04;
0.39;12.39;5.31;0.39;0.61;0.48;2.31;2.4;1.8;0.48;0.38;0.33;1.31;0.54;2;0.05;0.15;2;0.16;112.69;20.19;62.69;72.69;100.69;18.69;18.69;44.69;7.69;22.69;4.49;12.69;27.69;7.59;5.59;9.09;3.69;67.69;61.69;38.69;6.09;18.69;8.49;39.69;67.69;7.39;18.69;1;0.04;
0.39;12.4;5.3;0.39;0.61;0.48;2.3;2.4;1.8;0.48;0.38;0.33;1.3;0.54;2;0.05;0.15;2;0.16;112.7;20.2;62.7;72.7;100.7;18.7;18.7;44.7;7.7;22.7;4.5;12.7;27.7;7.6;5.6;9.1;3.7;67.7;61.7;38.7;6.1;18.7;8.5;39.7;67.7;7.4;18.7;1;0.04;
0.39;12.41;5.29;0.39;0.61;0.48;2.29;2.4;1.8;0.48;0.38;0.33;1.29;0.54;2;0.05;0.15;2;0.16;112.71;20.21;62.71;72.71;100.71;18.71;18.71;44.71;7.71;22.71;4.51;12.71;27.71;7.61;5.61;9.11;3.71;67.71;61.71;38.71;6.11;18.71;8.51;39.71;67.71;7.41;18.71;1;0.04;
0.39;12.42;5.28;0.39;0.61;0.48;2.28;2.4;1.8;0.48;0.38;0.33;1.28;0.54;2;0.05;0.15;2;0.16;112.72;20.22;62.72;72.72;100.72;18.72;18.72;44.72;7.72;22.72;4.52;12.72;27.72;7.62;5.62;9.12;3.72;67.72;61.72;38.72;6.12;18.72;8.52;39.72;67.72;7.42;18.72;1;0.04;
0.39;12.43;5.27;0.39;0.61;0.48;2.27;2.4;1.8;0.48;0.38;0.33;1.27;0.54;2;0.05;0.15;2;0.16;112.73;20.23;62.73;72.73;100.73;18.73;18.73;44.73;7.73;22.73;4.53;12.73;27.73;7.63;5.63;9.13;3.73;67.73;61.73;38.73;6.13;18.73;8.53;39.73;67.73;7.43;18.73;1;0.04;
0.39;12.44;5.26;0.39;0.61;0.48;2.26;2.4;1.8;0.48;0.38;0.33;1.26;0.54;2;0.05;0.15;2;0.16;112.74;20.24;62.74;72.74;100.74;18.74;18.74;44.74;7.74;22.74;4.54;12.74;27.74;7.64;5.64;9.14;3.74;67.74;61.74;38.74;6.14;18.74;8.54;39.74;67.74;7.44;18.74;1;0.04;
0.39;12.45;5.25;0.39;0.61;0.48;2.25;2.4;1.8;0.48;0.38;0.33;1.25;0.54;2;0.05;0.15;2;0.16;112.75;20.25;62.75;72.75;100.75;18.75;18.75;44.75;7.75;22.75;4.55;12.75;27.75;7.65;5.65;9.15;3.75;67.75;61.75;38.75;6.15;18.75;8.55;39.75;67.75;7.45;18.75;1;0.04;
0.39;12.46;5.24;0.39;0.61;0.48;2.24;2.4;1.8;0.48;0.38;0.33;1.24;0.54;2;0.05;0.15;2;0.16;112.76;20.26;62.76;72.76;100.76;18.76;18.76;44.76;7.76;22.76;4.56;12.76;27.76;7.66;5.66;9.16;3.76;67.76;61.76;38.76;6.16;18.76;8.56;39.76;67.76;7.46;18.76;1;0.04;
0.39;12.47;5.23;0.39;0.61;0.48;2.23;2.4;1.8;0.48;0.38;0.33;1.23;0.54;2;0.05;0.15;2;0.16;112.77;20.27;62.77;72.77;100.77;18.77;18.77;44.77;7.77;22.77;4.57;12.77;27.77;7.67;5.67;9.17;3.77;67.77;61.77;38.77;6.17;18.77;8.57;39.77;67.77;7.47;18.77;1;0.04;
0.39;12.48;5.22;0.39;0.61;0.48;2.22;2.4;1.8;0.48;0.38;0.33;1.22;0.54;2;0.05;0.15;2;0.16;112.78;20.28;62.78;72.78;100.78;18.78;18.78;44.78;7.78;22.78;4.58;12.78;27.78;7.68;5.68;9.18;3.78;67.78;61.78;38.78;6.18;18.78;8.58;39.78;67.78;7.48;18.78;1;0.04;
0.39;12.49;5.21;0.39;0.61;0.48;2.21;2.4;1.8;0.48;0.38;0.33;1.21;0.54;2;0.05;0.15;2;0.16;112.79;20.29;62.79;72.79;100.79;18.79;18.79;44.79;7.79;22.79;4.59;12.79;27.79;7.69;5.69;9.19;3.79;67.79;61.79;38.79;6.19;18.79;8.59;39.79;67.79;7.49;18.79;1;0.04;
0.39;12.5;5.2;0.39;0.61;0.48;2.2;2.4;1.8;0.48;0.38;0.33;1.2;0.54;2;0.05;0.15;2;0.16;112.8;20.3;62.8;72.8;100.8;18.8;18.8;44.8;7.8;22.8;4.6;12.8;27.8;7.7;5.7;9.2;3.8;67.8;61.8;38.8;6.2;18.8;8.6;39.8;67.8;7.5;18.8;1;0.04;
0.39;12.51;5.19;0.39;0.61;0.48;2.19;2.4;1.8;0.48;0.38;0.33;1.19;0.54;2;0.05;0.15;2;0.16;112.81;20.31;62.81;72.81;100.81;18.81;18.81;44.81;7.81;22.81;4.61;12.81;27.81;7.71;5.71;9.21;3.81;67.81;61.81;38.81;6.21;18.81;8.61;39.81;67.81;7.51;18.81;1;0.04;
0.39;12.52;5.18;0.39;0.61;0.48;2.18;2.4;1.8;0.48;0.38;0.33;1.18;0.54;2;0.05;0.15;2;0.16;112.82;20.32;62.82;72.82;100.82;18.82;18.82;44.82;7.82;22.82;4.62;12.82;27.82;7.72;5.72;9.22;3.82;67.82;61.82;38.82;6.22;18.82;8.62;39.82;67.82;7.52;18.82;1;0.04;
0.39;12.53;5.17;0.39;0.61;0.48;2.17;2.4;1.8;0.48;0.38;0.33;1.17;0.54;2;0.05;0.15;2;0.16;112.83;20.33;62.83;72.83;100.83;18.83;18.83;44.83;7.83;22.83;4.63;12.83;27.83;7.73;5.73;9.23;3.83;67.83;61.83;38.83;6.23;18.83;8.63;39.83;67.83;7.53;18.83;1;0.04;
0.39;12.54;5.16;0.39;0.61;0.48;2.16;2.4;1.8;0.48;0.38;0.33;1.16;0.54;2;0.05;0.15;2;0.16;112.84;20.34;62.84;72.84;100.84;18.84;18.84;44.84;7.84;22.84;4.64;12.84;27.84;7.74;5.74;9.24;3.84;67.84;61.84;38.84;6.24;18.84;8.64;39.84;67.84;7.54;18.84;1;0.04;
0.39;12.55;5.15;0.39;0.61;0.48;2.15;2.4;1.8;0.48;0.38;0.33;1.15;0.54;2;0.05;0.15;2;0.16;112.85;20.35;62.85;72.85;100.85;18.85;18.85;44.85;7.85;22.85;4.65;12.85;27.85;7.75;5.75;9.25;3.85;67.85;61.85;38.85;6.25;18.85;8.65;39.85;67.85;7.55;18.85;1;0.04;
0.39;12.56;5.14;0.39;0.61;0.48;2.14;2.4;1.8;0.48;0.38;0.33;1.14;0.54;2;0.05;0.15;2;0.16;112.86;20.36;62.86;72.86;100.86;18.86;18.86;44.86;7.86;22.86;4.66;12.86;27.86;7.76;5.76;9.26;3.86;67.86;61.86;38.86;6.26;18.86;8.66;39.86;67.86;7.56;18.86;1;0.04;
0.39;12.57;5.13;0.39;0.61;0.48;2.13;2.4;1.8;0.48;0.38;0.33;1.13;0.54;2;0.05;0.15;2;0.16;112.87;20.37;62.87;72.87;100.87;18.87;18.87;44.87;7.87;22.87;4.67;12.87;27.87;7.77;5.77;9.27;3.87;67.87;61.87;38.87;6.27;18.87;8.67;39.87;67.87;7.57;18.87;1;0.04;
0.39;12.58;5.12;0.39;0.61;0.48;2.12;2.4;1.8;0.48;0.38;0.33;1.12;0.54;2;0.05;0.15;2;0.16;112.88;20.38;62.88;72.88;100.88;18.88;18.88;44.88;7.88;22.88;4.68;12.88;27.88;7.78;5.78;9.28;3.88;67.88;61.88;38.88;6.28;18.88;8.68;39.88;67.88;7.58;18.88;1;0.04;
0.39;12.59;5.11;0.39;0.61;0.48;2.11;2.4;1.8;0.48;0.38;0.33;1.11;0.54;2;0.05;0.15;2;0.16;112.89;20.39;62.89;72.89;100.89;18.89;18.89;44.89;7.89;22.89;4.69;12.89;27.89;7.79;5.79;9.29;3.89;67.89;61.89;38.89;6.29;18.89;8.69;39.89;67.89;7.59;18.89;1;0.04;
0.39;12.6;5.1;0.39;0.61;0.48;2.1;2.4;1.8;0.48;0.38;0.33;1.1;0.54;2;0.05;0.15;2;0.16;112.9;20.4;62.9;72.9;100.9;18.9;18.9;44.9;7.9;22.9;4.7;12.9;27.9;7.8;5.8;9.3;3.9;67.9;61.9;38.9;6.3;18.9;8.7;39.9;67.9;7.6;18.9;1;0.04;
0.39;12.61;5.09;0.39;0.61;0.48;2.09;2.4;1.8;0.48;0.38;0.33;1.09;0.54;2;0.05;0.15;2;0.16;112.91;20.41;62.91;72.91;100.91;18.91;18.91;44.91;7.91;22.91;4.71;12.91;27.91;7.81;5.81;9.31;3.91;67.91;61.91;38.91;6.31;18.91;8.71;39.91;67.91;7.61;18.91;1;0.04;
0.39;12.62;5.08;0.39;0.61;0.48;2.08;2.4;1.8;0.48;0.38;0.33;1.08;0.54;2;0.05;0.15;2;0.16;112.92;20.42;62.92;72.92;100.92;18.92;18.92;44.92;7.92;22.92;4.72;12.92;27.92;7.82;5.82;9.32;3.92;67.92;61.92;38.92;6.32;18.92;8.72;39.92;67.92;7.62;18.92;1;0.04;
0.39;12.63;5.07;0.39;0.61;0.48;2.07;2.4;1.8;0.48;0.38;0.33;1.07;0.54;2;0.05;0.15;2;0.16;112.93;20.43;62.93;72.93;100.93;18.93;18.93;44.93;7.93;22.93;4.73;12.93;27.93;7.83;5.83;9.33;3.93;67.93;61.93;38.93;6.33;18.93;8.73;39.93;67.93;7.63;18.93;1;0.04;
0.39;12.64;5.06;0.39;0.61;0.48;2.06;2.4;1.8;0.48;0.38;0.33;1.06;0.54;2;0.05;0.15;2;0.16;112.94;20.44;62.94;72.94;100.94;18.94;18.94;44.94;7.94;22.94;4.74;12.94;27.94;7.84;5.84;9.34;3.94;67.94;61.94;38.94;6.34;18.94;8.74;39.94;67.94;7.64;18.94;1;0.04;
0.39;12.65;5.05;0.39;0.61;0.48;2.05;2.4;1.8;0.48;0.38;0.33;1.05;0.54;2;0.05;0.15;2;0.16;112.95;20.45;62.95;72.95;100.95;18.95;18.95;44.95;7.95;22.95;4.75;12.95;27.95;7.85;5.85;9.35;3.95;67.95;61.95;38.95;6.35;18.95;8.75;39.95;67.95;7.65;18.95;1;0.04;
0.39;12.66;5.04;0.39;0.61;0.48;2.04;2.4;1.8;0.48;0.38;0.33;1.04;0.54;2;0.05;0.15;2;0.16;112.96;20.46;62.96;72.96;100.96;18.96;18.96;44.96;7.96;22.96;4.76;12.96;27.96;7.86;5.86;9.36;3.96;67.96;61.96;38.96;6.36;18.96;8.76;39.96;67.96;7.66;18.96;1;0.04;
0.39;12.67;5.03;0.39;0.61;0.48;2.03;2.4;1.8;0.48;0.38;0.33;1.03;0.54;2;0.05;0.15;2;0.16;112.97;20.47;62.97;72.97;100.97;18.97;18.97;44.97;7.97;22.97;4.77;12.97;27.97;7.87;5.87;9.37;3.97;67.97;61.97;38.97;6.37;18.97;8.77;39.97;67.97;7.67;18.97;1;0.04;
0.39;12.68;5.02;0.39;0.61;0.48;2.02;2.4;1.8;0.48;0.38;0.33;1.02;0.54;2;0.05;0.15;2;0.16;112.98;20.48;62.98;72.98;100.98;18.98;18.98;44.98;7.98;22.98;4.78;12.98;27.98;7.88;5.88;9.38;3.98;67.98;61.98;38.98;6.38;18.98;8.78;39.98;67.98;7.68;18.98;1;0.04;
0.39;12.69;5.01;0.39;0.61;0.48;2.01;2.4;1.8;0.48;0.38;0.33;1.01;0.54;2;0.05;0.15;2;0.16;112.99;20.49;62.99;72.99;100.99;18.99;18.99;44.99;7.99;22.99;4.79;12.99;27.99;7.89;5.89;9.39;3.99;67.99;61.99;38.99;6.39;18.99;8.79;39.99;67.99;7.69;18.99;1;0.04;
0.39;12.7;5;0.39;0.61;0.48;2;2.4;1.8;0.48;0.38;0.33;1;0.54;2;0.05;0.15;2;0.16;113;20.5;63;73;101;19;19;45;8;23;4.8;13;28;7.9;5.9;9.4;4;68;62;39;6.4;19;8.8;40;68;7.7;19;1;0.04;
0.39;12.71;4.99;0.39;0.61;0.48;1.99;2.4;1.8;0.48;0.38;0.33;0.99;0.54;2;0.05;0.15;2;0.16;113.01;20.51;63.01;73.01;101.01;19.01;19.01;45.01;8.01;23.01;4.81;13.01;28.01;7.91;5.91;9.41;4.01;68.01;62.01;39.01;6.41;19.01;8.81;40.01;68.01;7.71;19.01;1;0.04;
0.39;12.72;4.98;0.39;0.61;0.48;1.98;2.4;1.8;0.48;0.38;0.33;0.98;0.54;2;0.05;0.15;2;0.16;113.02;20.52;63.02;73.02;101.02;19.02;19.02;45.02;8.02;23.02;4.82;13.02;28.02;7.92;5.92;9.42;4.02;68.02;62.02;39.02;6.42;19.02;8.82;40.02;68.02;7.72;19.02;1;0.04;
0.39;12.73;4.97;0.39;0.61;0.48;1.97;2.4;1.8;0.48;0.38;0.33;0.97;0.54;2;0.05;0.15;2;0.16;113.03;20.53;63.03;73.03;101.03;19.03;19.03;45.03;8.03;23.03;4.83;13.03;28.03;7.93;5.93;9.43;4.03;68.03;62.03;39.03;6.43;19.03;8.83;40.03;68.03;7.73;19.03;1;0.04;
0.39;12.74;4.96;0.39;0.61;0.48;1.96;2.4;1.8;0.48;0.38;0.33;0.96;0.54;2;0.05;0.15;2;0.16;113.04;20.54;63.04;73.04;101.04;19.04;19.04;45.04;8.04;23.04;4.84;13.04;28.04;7.94;5.94;9.44;4.04;68.04;62.04;39.04;6.44;19.04;8.84;40.04;68.04;7.74;19.04;1;0.04;
0.39;12.75;4.95;0.39;0.61;0.48;1.95;2.4;1.8;0.48;0.38;0.33;0.95;0.54;2;0.05;0.15;2;0.16;113.05;20.55;63.05;73.05;101.05;19.05;19.05;45.05;8.05;23.05;4.85;13.05;28.05;7.95;5.95;9.45;4.05;68.05;62.05;39.05;6.45;19.05;8.85;40.05;68.05;7.75;19.05;1;0.04;
0.39;12.76;4.94;0.39;0.61;0.48;1.94;2.4;1.8;0.48;0.38;0.33;0.94;0.54;2;0.05;0.15;2;0.16;113.06;20.56;63.06;73.06;101.06;19.06;19.06;45.06;8.06;23.06;4.86;13.06;28.06;7.96;5.96;9.46;4.06;68.06;62.06;39.06;6.46;19.06;8.86;40.06;68.06;7.76;19.06;1;0.04;
0.39;12.77;4.93;0.39;0.61;0.48;1.93;2.4;1.8;0.48;0.38;0.33;0.93;0.54;2;0.05;0.15;2;0.16;113.07;20.57;63.07;73.07;101.07;19.07;19.07;45.07;8.07;23.07;4.87;13.07;28.07;7.97;5.97;9.47;4.07;68.07;62.07;39.07;6.47;19.07;8.87;40.07;68.07;7.77;19.07;1;0.04;
0.39;12.78;4.92;0.39;0.61;0.48;1.92;2.4;1.8;0.48;0.38;0.33;0.92;0.54;2;0.05;0.15;2;0.16;113.08;20.58;63.08;73.08;101.08;19.08;19.08;45.08;8.08;23.08;4.88;13.08;28.08;7.98;5.98;9.48;4.08;68.08;62.08;39.08;6.48;19.08;8.88;40.08;68.08;7.78;19.08;1;0.04;
0.39;12.79;4.91;0.39;0.61;0.48;1.91;2.4;1.8;0.48;0.38;0.33;0.91;0.54;2;0.05;0.15;2;0.16;113.09;20.59;63.09;73.09;101.09;19.09;19.09;45.09;8.09;23.09;4.89;13.09;28.09;7.99;5.99;9.49;4.09;68.09;62.09;39.09;6.49;19.09;8.89;40.09;68.09;7.79;19.09;1;0.04;
0.39;12.8;4.9;0.39;0.61;0.48;1.9;2.4;1.8;0.48;0.38;0.33;0.9;0.54;2;0.05;0.15;2;0.16;113.1;20.6;63.1;73.1;101.1;19.1;19.1;45.1;8.1;23.1;4.9;13.1;28.1;8;6;9.5;4.1;68.1;62.1;39.1;6.5;19.1;8.9;40.1;68.1;7.8;19.1;1;0.04;
0.39;12.81;4.89;0.39;0.61;0.48;1.89;2.4;1.8;0.48;0.38;0.33;0.89;0.54;2;0.05;0.15;2;0.16;113.11;20.61;63.11;73.11;101.11;19.11;19.11;45.11;8.11;23.11;4.91;13.11;28.11;8.01;6.01;9.51;4.11;68.11;62.11;39.11;6.51;19.11;8.91;40.11;68.11;7.81;19.11;1;0.04;
0.39;12.82;4.88;0.39;0.61;0.48;1.88;2.4;1.8;0.48;0.38;0.33;0.88;0.54;2;0.05;0.15;2;0.16;113.12;20.62;63.12;73.12;101.12;19.12;19.12;45.12;8.12;23.12;4.92;13.12;28.12;8.02;6.02;9.52;4.12;68.12;62.12;39.12;6.52;19.12;8.92;40.12;68.12;7.82;19.12;1;0.04;
0.39;12.83;4.87;0.39;0.61;0.48;1.87;2.4;1.8;0.48;0.38;0.33;0.87;0.54;2;0.05;0.15;2;0.16;113.13;20.63;63.13;73.13;101.13;19.13;19.13;45.13;8.13;23.13;4.93;13.13;28.13;8.03;6.03;9.53;4.13;68.13;62.13;39.13;6.53;19.13;8.93;40.13;68.13;7.83;19.13;1;0.04;
0.39;12.84;4.86;0.39;0.61;0.48;1.86;2.4;1.8;0.48;0.38;0.33;0.87;0.54;2;0.05;0.15;2;0.16;113.14;20.64;63.14;73.14;101.14;19.14;19.14;45.14;8.14;23.14;4.94;13.14;28.14;8.04;6.04;9.54;4.14;68.14;62.14;39.14;6.54;19.14;8.94;40.14;68.14;7.84;19.14;1;0.04;
0.39;12.85;4.85;0.39;0.61;0.48;1.85;2.4;1.8;0.48;0.38;0.33;0.87;0.54;2;0.05;0.15;2;0.16;113.15;20.65;63.15;73.15;101.15;19.15;19.15;45.15;8.15;23.15;4.95;13.15;28.15;8.05;6.05;9.55;4.15;68.15;62.15;39.15;6.55;19.15;8.95;40.15;68.15;7.85;19.15;1;0.04;
0.39;12.86;4.84;0.39;0.61;0.48;1.84;2.4;1.8;0.48;0.38;0.33;0.87;0.54;2;0.05;0.15;2;0.16;113.16;20.66;63.16;73.16;101.16;19.16;19.16;45.16;8.16;23.16;4.96;13.16;28.16;8.06;6.06;9.56;4.16;68.16;62.16;39.16;6.56;19.16;8.96;40.16;68.16;7.86;19.16;1;0.04;
0.39;12.87;4.83;0.39;0.61;0.48;1.83;2.4;1.8;0.48;0.38;0.33;0.87;0.54;2;0.05;0.15;2;0.16;113.17;20.67;63.17;73.17;101.17;19.17;19.17;45.17;8.17;23.17;4.97;13.17;28.17;8.07;6.07;9.57;4.17;68.17;62.17;39.17;6.57;19.17;8.97;40.17;68.17;7.87;19.17;1;0.04;
0.39;12.88;4.82;0.39;0.61;0.48;1.82;2.4;1.8;0.48;0.38;0.33;0.87;0.54;2;0.05;0.15;2;0.16;113.18;20.68;63.18;73.18;101.18;19.18;19.18;45.18;8.18;23.18;4.98;13.18;28.18;8.08;6.08;9.58;4.18;68.18;62.18;39.18;6.58;19.18;8.98;40.18;68.18;7.88;19.18;1;0.04;
0.39;12.89;4.81;0.39;0.61;0.48;1.81;2.4;1.8;0.48;0.38;0.33;0.87;0.54;2;0.05;0.15;2;0.16;113.19;20.69;63.19;73.19;101.19;19.19;19.19;45.19;8.19;23.19;4.99;13.19;28.19;8.09;6.09;9.59;4.19;68.19;62.19;39.19;6.59;19.19;8.99;40.19;68.19;7.89;19.19;1;0.04;
0.39;12.9;4.8;0.39;0.61;0.48;1.8;2.4;1.8;0.48;0.38;0.33;0.87;0.54;2;0.05;0.15;2;0.16;113.2;20.7;63.2;73.2;101.2;19.2;19.2;45.2;8.2;23.2;5;13.2;28.2;8.1;6.1;9.6;4.2;68.2;62.2;39.2;6.6;19.2;9;40.2;68.2;7.9;19.2;1;0.04;
0.39;12.91;4.79;0.39;0.61;0.48;1.79;2.4;1.8;0.48;0.38;0.33;0.87;0.54;2;0.05;0.15;2;0.16;113.21;20.71;63.21;73.21;101.21;19.21;19.21;45.21;8.21;23.21;5.01;13.21;28.21;8.11;6.11;9.61;4.21;68.21;62.21;39.21;6.61;19.21;9.01;40.21;68.21;7.91;19.21;1;0.04;
0.39;12.92;4.78;0.39;0.61;0.48;1.78;2.4;1.8;0.48;0.38;0.33;0.87;0.54;2;0.05;0.15;2;0.16;113.22;20.72;63.22;73.22;101.22;19.22;19.22;45.22;8.22;23.22;5.02;13.22;28.22;8.12;6.12;9.62;4.22;68.22;62.22;39.22;6.62;19.22;9.02;40.22;68.22;7.92;19.22;1;0.04;
0.39;12.93;4.77;0.39;0.61;0.48;1.77;2.4;1.8;0.48;0.38;0.33;0.87;0.54;2;0.05;0.15;2;0.16;113.23;20.73;63.23;73.23;101.23;19.23;19.23;45.23;8.23;23.23;5.03;13.23;28.23;8.13;6.13;9.63;4.23;68.23;62.23;39.23;6.63;19.23;9.03;40.23;68.23;7.93;19.23;1;0.04;
0.39;12.94;4.76;0.39;0.61;0.48;1.76;2.4;1.8;0.48;0.38;0.33;0.87;0.54;2;0.05;0.15;2;0.16;113.24;20.74;63.24;73.24;101.24;19.24;19.24;45.24;8.24;23.24;5.04;13.24;28.24;8.14;6.14;9.64;4.24;68.24;62.24;39.24;6.64;19.24;9.04;40.24;68.24;7.94;19.24;1;0.04;
0.39;12.95;4.75;0.39;0.61;0.48;1.75;2.4;1.8;0.48;0.38;0.33;0.87;0.54;2;0.05;0.15;2;0.16;113.25;20.75;63.25;73.25;101.25;19.25;19.25;45.25;8.25;23.25;5.05;13.25;28.25;8.15;6.15;9.65;4.25;68.25;62.25;39.25;6.65;19.25;9.05;40.25;68.25;7.95;19.25;1;0.04;
0.39;12.96;4.74;0.39;0.61;0.48;1.74;2.4;1.8;0.48;0.38;0.33;0.87;0.54;2;0.05;0.15;2;0.16;113.26;20.76;63.26;73.26;101.26;19.26;19.26;45.26;8.26;23.26;5.06;13.26;28.26;8.16;6.16;9.66;4.26;68.26;62.26;39.26;6.66;19.26;9.06;40.26;68.26;7.96;19.26;1;0.04;
0.39;12.97;4.73;0.39;0.61;0.48;1.73;2.4;1.8;0.48;0.38;0.33;0.87;0.54;2;0.05;0.15;2;0.16;113.27;20.77;63.27;73.27;101.27;19.27;19.27;45.27;8.27;23.27;5.07;13.27;28.27;8.17;6.17;9.67;4.27;68.27;62.27;39.27;6.67;19.27;9.07;40.27;68.27;7.97;19.27;1;0.04;
0.39;12.98;4.72;0.39;0.61;0.48;1.72;2.4;1.8;0.48;0.38;0.33;0.87;0.54;2;0.05;0.15;2;0.16;113.28;20.78;63.28;73.28;101.28;19.28;19.28;45.28;8.28;23.28;5.08;13.28;28.28;8.18;6.18;9.68;4.28;68.28;62.28;39.28;6.68;19.28;9.08;40.28;68.28;7.98;19.28;1;0.04;
0.39;12.99;4.71;0.39;0.61;0.48;1.71;2.4;1.8;0.48;0.38;0.33;0.87;0.54;2;0.05;0.15;2;0.16;113.29;20.79;63.29;73.29;101.29;19.29;19.29;45.29;8.29;23.29;5.09;13.29;28.29;8.19;6.19;9.69;4.29;68.29;62.29;39.29;6.69;19.29;9.09;40.29;68.29;7.99;19.29;1;0.04;
0.39;13;4.7;0.39;0.61;0.48;1.7;2.4;1.8;0.48;0.38;0.33;0.87;0.54;2;0.05;0.15;2;0.16;113.3;20.8;63.3;73.3;101.3;19.3;19.3;45.3;8.3;23.3;5.1;13.3;28.3;8.2;6.2;9.7;4.3;68.3;62.3;39.3;6.7;19.3;9.1;40.3;68.3;8;19.3;1;0.04;
0.39;13.01;4.69;0.39;0.61;0.48;1.69;2.4;1.8;0.48;0.38;0.33;0.87;0.54;2;0.05;0.15;2;0.16;113.31;20.81;63.31;73.31;101.31;19.31;19.31;45.31;8.31;23.31;5.11;13.31;28.31;8.21;6.21;9.71;4.31;68.31;62.31;39.31;6.71;19.31;9.11;40.31;68.31;8.01;19.31;1;0.04;
0.39;13.02;4.68;0.39;0.61;0.48;1.68;2.4;1.8;0.48;0.38;0.33;0.87;0.54;2;0.05;0.15;2;0.16;113.32;20.82;63.32;73.32;101.32;19.32;19.32;45.32;8.32;23.32;5.12;13.32;28.32;8.22;6.22;9.72;4.32;68.32;62.32;39.32;6.72;19.32;9.12;40.32;68.32;8.02;19.32;1;0.04;
0.39;13.03;4.67;0.39;0.61;0.48;1.67;2.4;1.8;0.48;0.38;0.33;0.87;0.54;2;0.05;0.15;2;0.16;113.33;20.83;63.33;73.33;101.33;19.33;19.33;45.33;8.33;23.33;5.13;13.33;28.33;8.23;6.23;9.73;4.33;68.33;62.33;39.33;6.73;19.33;9.13;40.33;68.33;8.03;19.33;1;0.04;
0.39;13.04;4.66;0.39;0.61;0.48;1.66;2.4;1.8;0.48;0.38;0.33;0.87;0.54;2;0.05;0.15;2;0.16;113.34;20.84;63.34;73.34;101.34;19.34;19.34;45.34;8.34;23.34;5.14;13.34;28.34;8.24;6.24;9.74;4.34;68.34;62.34;39.34;6.74;19.34;9.14;40.34;68.34;8.04;19.34;1;0.04;
0.39;13.05;4.65;0.39;0.61;0.48;1.65;2.4;1.8;0.48;0.38;0.33;0.87;0.54;2;0.05;0.15;2;0.16;113.35;20.85;63.35;73.35;101.35;19.35;19.35;45.35;8.35;23.35;5.15;13.35;28.35;8.25;6.25;9.75;4.35;68.35;62.35;39.35;6.75;19.35;9.15;40.35;68.35;8.05;19.35;1;0.04;
0.39;13.06;4.64;0.39;0.61;0.48;1.64;2.4;1.8;0.48;0.38;0.33;0.87;0.54;2;0.05;0.15;2;0.16;113.36;20.86;63.36;73.36;101.36;19.36;19.36;45.36;8.36;23.36;5.16;13.36;28.36;8.26;6.26;9.76;4.36;68.36;62.36;39.36;6.76;19.36;9.16;40.36;68.36;8.06;19.36;1;0.04;
0.39;13.07;4.63;0.39;0.61;0.48;1.63;2.4;1.8;0.48;0.38;0.33;0.87;0.54;2;0.05;0.15;2;0.16;113.37;20.87;63.37;73.37;101.37;19.37;19.37;45.37;8.37;23.37;5.17;13.37;28.37;8.27;6.27;9.77;4.37;68.37;62.37;39.37;6.77;19.37;9.17;40.37;68.37;8.07;19.37;1;0.04;
0.39;13.08;4.62;0.39;0.61;0.48;1.62;2.4;1.8;0.48;0.38;0.33;0.87;0.54;2;0.05;0.15;2;0.16;113.38;20.88;63.38;73.38;101.38;19.38;19.38;45.38;8.38;23.38;5.18;13.38;28.38;8.28;6.28;9.78;4.38;68.38;62.38;39.38;6.78;19.38;9.18;40.38;68.38;8.08;19.38;1;0.04;
0.39;13.09;4.61;0.39;0.61;0.48;1.61;2.4;1.8;0.48;0.38;0.33;0.87;0.54;2;0.05;0.15;2;0.16;113.39;20.89;63.39;73.39;101.39;19.39;19.39;45.39;8.39;23.39;5.19;13.39;28.39;8.29;6.29;9.79;4.39;68.39;62.39;39.39;6.79;19.39;9.19;40.39;68.39;8.09;19.39;1;0.04;
0.39;13.1;4.6;0.39;0.61;0.48;1.6;2.4;1.8;0.48;0.38;0.33;0.87;0.54;2;0.05;0.15;2;0.16;113.4;20.9;63.4;73.4;101.4;19.4;19.4;45.4;8.4;23.4;5.2;13.4;28.4;8.3;6.3;9.8;4.4;68.4;62.4;39.4;6.8;19.4;9.2;40.4;68.4;8.1;19.4;1;0.04;
0.39;13.11;4.59;0.39;0.61;0.48;1.59;2.4;1.8;0.48;0.38;0.33;0.87;0.54;2;0.05;0.15;2;0.16;113.41;20.91;63.41;73.41;101.41;19.41;19.41;45.41;8.41;23.41;5.21;13.41;28.41;8.31;6.31;9.81;4.41;68.41;62.41;39.41;6.81;19.41;9.21;40.41;68.41;8.11;19.41;1;0.04;
0.39;13.12;4.58;0.39;0.61;0.48;1.58;2.4;1.8;0.48;0.38;0.33;0.87;0.54;2;0.05;0.15;2;0.16;113.42;20.92;63.42;73.42;101.42;19.42;19.42;45.42;8.42;23.42;5.22;13.42;28.42;8.32;6.32;9.82;4.42;68.42;62.42;39.42;6.82;19.42;9.22;40.42;68.42;8.12;19.42;1;0.04;
0.39;13.13;4.57;0.39;0.61;0.48;1.57;2.4;1.8;0.48;0.38;0.33;0.87;0.54;2;0.05;0.15;2;0.16;113.43;20.93;63.43;73.43;101.43;19.43;19.43;45.43;8.43;23.43;5.23;13.43;28.43;8.33;6.33;9.83;4.43;68.43;62.43;39.43;6.83;19.43;9.23;40.43;68.43;8.13;19.43;1;0.04;
0.39;13.14;4.56;0.39;0.61;0.48;1.56;2.4;1.8;0.48;0.38;0.33;0.87;0.54;2;0.05;0.15;2;0.16;113.44;20.94;63.44;73.44;101.44;19.44;19.44;45.44;8.44;23.44;5.24;13.44;28.44;8.34;6.34;9.84;4.44;68.44;62.44;39.44;6.84;19.44;9.24;40.44;68.44;8.14;19.44;1;0.04;
0.39;13.15;4.55;0.39;0.61;0.48;1.55;2.4;1.8;0.48;0.38;0.33;0.87;0.54;2;0.05;0.15;2;0.16;113.45;20.95;63.45;73.45;101.45;19.45;19.45;45.45;8.45;23.45;5.25;13.45;28.45;8.35;6.35;9.85;4.45;68.45;62.45;39.45;6.85;19.45;9.25;40.45;68.45;8.15;19.45;1;0.04;
0.39;13.16;4.54;0.39;0.61;0.48;1.54;2.4;1.8;0.48;0.38;0.33;0.87;0.54;2;0.05;0.15;2;0.16;113.46;20.96;63.46;73.46;101.46;19.46;19.46;45.46;8.46;23.46;5.26;13.46;28.46;8.36;6.36;9.86;4.46;68.46;62.46;39.46;6.86;19.46;9.26;40.46;68.46;8.16;19.46;1;0.04;
0.39;13.17;4.53;0.39;0.61;0.48;1.53;2.4;1.8;0.48;0.38;0.33;0.87;0.54;2;0.05;0.15;2;0.16;113.47;20.97;63.47;73.47;101.47;19.47;19.47;45.47;8.47;23.47;5.27;13.47;28.47;8.37;6.37;9.87;4.47;68.47;62.47;39.47;6.87;19.47;9.27;40.47;68.47;8.17;19.47;1;0.04;
0.39;13.18;4.52;0.39;0.61;0.48;1.52;2.4;1.8;0.48;0.38;0.33;0.87;0.54;2;0.05;0.15;2;0.16;113.48;20.98;63.48;73.48;101.48;19.48;19.48;45.48;8.48;23.48;5.28;13.48;28.48;8.38;6.38;9.88;4.48;68.48;62.48;39.48;6.88;19.48;9.28;40.48;68.48;8.18;19.48;1;0.04;
0.39;13.19;4.51;0.39;0.61;0.48;1.51;2.4;1.8;0.48;0.38;0.33;0.87;0.54;2;0.05;0.15;2;0.16;113.49;20.99;63.49;73.49;101.49;19.49;19.49;45.49;8.49;23.49;5.29;13.49;28.49;8.39;6.39;9.89;4.49;68.49;62.49;39.49;6.89;19.49;9.29;40.49;68.49;8.19;19.49;1;0.04;
0.39;13.2;4.5;0.39;0.61;0.48;1.5;2.4;1.8;0.48;0.38;0.33;0.87;0.54;2;0.05;0.15;2;0.16;113.5;21;63.5;73.5;101.5;19.5;19.5;45.5;8.5;23.5;5.3;13.5;28.5;8.4;6.4;9.9;4.5;68.5;62.5;39.5;6.9;19.5;9.3;40.5;68.5;8.2;19.5;1;0.04;
0.39;13.21;4.49;0.39;0.61;0.48;1.49;2.4;1.8;0.48;0.38;0.33;0.87;0.54;2;0.05;0.15;2;0.16;113.51;21.01;63.51;73.51;101.51;19.51;19.51;45.51;8.51;23.51;5.31;13.51;28.51;8.41;6.41;9.91;4.51;68.51;62.51;39.51;6.91;19.51;9.31;40.51;68.51;8.21;19.51;1;0.04;
0.39;13.22;4.48;0.39;0.61;0.48;1.48;2.4;1.8;0.48;0.38;0.33;0.87;0.54;2;0.05;0.15;2;0.16;113.52;21.02;63.52;73.52;101.52;19.52;19.52;45.52;8.52;23.52;5.32;13.52;28.52;8.42;6.42;9.92;4.52;68.52;62.52;39.52;6.92;19.52;9.32;40.52;68.52;8.22;19.52;1;0.04;
0.39;13.23;4.47;0.39;0.61;0.48;1.47;2.4;1.8;0.48;0.38;0.33;0.87;0.54;2;0.05;0.15;2;0.16;113.53;21.03;63.53;73.53;101.53;19.53;19.53;45.53;8.53;23.53;5.33;13.53;28.53;8.43;6.43;9.93;4.53;68.53;62.53;39.53;6.93;19.53;9.33;40.53;68.53;8.23;19.53;1;0.04;
0.39;13.24;4.46;0.39;0.61;0.48;1.46;2.4;1.8;0.48;0.38;0.33;0.87;0.54;2;0.05;0.15;2;0.16;113.54;21.04;63.54;73.54;101.54;19.54;19.54;45.54;8.54;23.54;5.34;13.54;28.54;8.44;6.44;9.94;4.54;68.54;62.54;39.54;6.94;19.54;9.34;40.54;68.54;8.24;19.54;1;0.04;
0.39;13.25;4.45;0.39;0.61;0.48;1.45;2.4;1.8;0.48;0.38;0.33;0.87;0.54;2;0.05;0.15;2;0.16;113.55;21.05;63.55;73.55;101.55;19.55;19.55;45.55;8.55;23.55;5.35;13.55;28.55;8.45;6.45;9.95;4.55;68.55;62.55;39.55;6.95;19.55;9.35;40.55;68.55;8.25;19.55;1;0.04;
0.39;13.26;4.44;0.39;0.61;0.48;1.44;2.4;1.8;0.48;0.38;0.33;0.87;0.54;2;0.05;0.15;2;0.16;113.56;21.06;63.56;73.56;101.56;19.56;19.56;45.56;8.56;23.56;5.36;13.56;28.56;8.46;6.46;9.96;4.56;68.56;62.56;39.56;6.96;19.56;9.36;40.56;68.56;8.26;19.56;1;0.04;
0.39;13.27;4.43;0.39;0.61;0.48;1.43;2.4;1.8;0.48;0.38;0.33;0.87;0.54;2;0.05;0.15;2;0.16;113.57;21.07;63.57;73.57;101.57;19.57;19.57;45.57;8.57;23.57;5.37;13.57;28.57;8.47;6.47;9.97;4.57;68.57;62.57;39.57;6.97;19.57;9.37;40.57;68.57;8.27;19.57;1;0.04;
0.39;13.28;4.42;0.39;0.61;0.48;1.42;2.4;1.8;0.48;0.38;0.33;0.87;0.54;2;0.05;0.15;2;0.16;113.58;21.08;63.58;73.58;101.58;19.58;19.58;45.58;8.58;23.58;5.38;13.58;28.58;8.48;6.48;9.98;4.58;68.58;62.58;39.58;6.98;19.58;9.38;40.58;68.58;8.28;19.58;1;0.04;
0.39;13.29;4.41;0.39;0.61;0.48;1.41;2.4;1.8;0.48;0.38;0.33;0.87;0.54;2;0.05;0.15;2;0.16;113.59;21.09;63.59;73.59;101.59;19.59;19.59;45.59;8.59;23.59;5.39;13.59;28.59;8.49;6.49;9.99;4.59;68.59;62.59;39.59;6.99;19.59;9.39;40.59;68.59;8.29;19.59;1;0.04;
0.39;13.3;4.4;0.39;0.61;0.48;1.4;2.4;1.8;0.48;0.38;0.33;0.87;0.54;2;0.05;0.15;2;0.16;113.6;21.1;63.6;73.6;101.6;19.6;19.6;45.6;8.6;23.6;5.4;13.6;28.6;8.5;6.5;10;4.6;68.6;62.6;39.6;7;19.6;9.4;40.6;68.6;8.3;19.6;1;0.04;
0.39;13.31;4.39;0.39;0.61;0.48;1.39;2.4;1.8;0.48;0.38;0.33;0.87;0.54;2;0.05;0.15;2;0.16;113.61;21.11;63.61;73.61;101.61;19.61;19.61;45.61;8.61;23.61;5.41;13.61;28.61;8.51;6.51;10.01;4.61;68.61;62.61;39.61;7.01;19.61;9.41;40.61;68.61;8.31;19.61;1;0.04;
0.39;13.32;4.38;0.39;0.61;0.48;1.38;2.4;1.8;0.48;0.38;0.33;0.87;0.54;2;0.05;0.15;2;0.16;113.62;21.12;63.62;73.62;101.62;19.62;19.62;45.62;8.62;23.62;5.42;13.62;28.62;8.52;6.52;10.02;4.62;68.62;62.62;39.62;7.02;19.62;9.42;40.62;68.62;8.32;19.62;1;0.04;
0.39;13.33;4.37;0.39;0.61;0.48;1.37;2.4;1.8;0.48;0.38;0.33;0.87;0.54;2;0.05;0.15;2;0.16;113.63;21.13;63.63;73.63;101.63;19.63;19.63;45.63;8.63;23.63;5.43;13.63;28.63;8.53;6.53;10.03;4.63;68.63;62.63;39.63;7.03;19.63;9.43;40.63;68.63;8.33;19.63;1;0.04;
0.39;13.34;4.36;0.39;0.61;0.48;1.36;2.4;1.8;0.48;0.38;0.33;0.87;0.54;2;0.05;0.15;2;0.16;113.64;21.14;63.64;73.64;101.64;19.64;19.64;45.64;8.64;23.64;5.44;13.64;28.64;8.54;6.54;10.04;4.64;68.64;62.64;39.64;7.04;19.64;9.44;40.64;68.64;8.34;19.64;1;0.04;
0.39;13.35;4.35;0.39;0.61;0.48;1.35;2.4;1.8;0.48;0.38;0.33;0.87;0.54;2;0.05;0.15;2;0.16;113.65;21.15;63.65;73.65;101.65;19.65;19.65;45.65;8.65;23.65;5.45;13.65;28.65;8.55;6.55;10.05;4.65;68.65;62.65;39.65;7.05;19.65;9.45;40.65;68.65;8.35;19.65;1;0.04;
